174 220 34 100
1 27 94
2 121 94
3 276 94
4 360 94
5 498 94
6 690 94
7 124 203
8 120 348
9 216 348
10 497 348
11 593 348
12 316 41
13 586 41
14 700 352
15 710 207
16 343 203
17 480 203
18 602 203
19 353 295
20 368 428
21 227 428
22 479 428
23 592 428
24 709 428
25 124 700
26 179 700
27 290 701
28 368 701
29 358 509
30 348 609
31 460 509
32 556 509
33 546 585
34 543 640
35 532 700
36 463 701
37 457 585
38 619 509
39 727 509
40 812 509
41 887 509
42 997 509
43 993 579
44 986 700
45 820 700
46 887 579
47 906 640
48 972 650
49 812 98
50 896 98
51 980 98
52 1070 94
53 1169 133
54 1162 25
55 733 158
56 816 256
57 851 303
58 997 217
59 1076 181
60 921 164
61 891 376
62 942 443
63 1312 133
64 1558 133
65 1569 278
66 1439 133
67 1447 282
68 1056 282
69 1056 387
70 1222 278
71 1133 278
72 1558 415
73 1489 583
74 1553 579
75 1400 579
76 1286 579
77 1228 579
78 1141 579
79 1065 583
80 1299 663
81 1224 704
82 1131 704
83 1650 133
84 1755 133
85 1772 246
86 1751 348
87 1753 447
88 1876 137
89 1959 133
90 2049 133
91 1941 236
92 1875 236
93 2058 246
94 2059 467
95 2067 370
96 2055 579
97 1981 579
98 1867 579
99 1765 579
100 1666 579
101 2066 694
102 1820 694
103 1546 694
104 2058 55
105 2070 -14
106 2174 -14
107 2272 -14
108 2367 -14
109 2579 133
110 2476 133
111 2367 133
112 2386 383
113 2272 383
114 2367 694
115 2151 530
116 2267 526
117 2511 526
118 2522 443
119 2428 478
120 2618 593
121 2382 -99
122 2574 -99
123 3047 -99
124 2865 133
125 2775 133
126 2674 133
127 2577 -10
128 2857 217
129 2869 303
130 2761 303
131 2746 383
132 2601 383
133 2611 303
134 2499 303
135 2784 221
136 2473 387
137 2879 428
138 2738 509
139 2752 593
140 2734 694
141 2515 694
142 3071 137
143 3079 217
144 2993 133
145 3194 59
146 3258 217
147 3079 439
148 2873 694
149 2878 593
150 2880 509
151 3310 217
152 3303 303
153 3320 376
154 3315 443
155 3455 443
156 3504 443
157 3510 366
158 3522 307
159 3308 508
160 3320 632
161 3310 694
162 3149 694
163 3014 694
164 435 142
165 1130 508
166 204 94
167 765 207
168 933 256
169 1325 278
170 3134 217
171 3195 217
172 3310 569
173 3383 443
174 25 203
1 1 2
2 3 4
3 4 5
4 5 6
5 2 12
6 12 5
7 5 13
8 13 6
9 2 7
10 7 8
11 8 9
12 9 10
13 10 11
14 11 14
15 14 15
16 15 6
17 1 7
18 2 9
19 4 16
20 16 19
21 19 20
22 16 17
23 17 6
24 16 11
25 17 11
26 11 18
27 18 6
28 11 24
29 11 23
30 23 22
31 22 20
32 20 21
33 8 25
34 25 26
35 26 27
36 27 28
37 28 30
38 30 29
39 29 20
40 29 31
41 31 32
42 32 33
43 33 34
44 34 35
45 35 36
46 36 28
47 29 37
48 37 36
49 32 38
50 38 39
51 39 40
52 40 41
53 41 42
54 42 43
55 43 48
56 48 44
57 44 45
58 45 35
59 41 46
60 46 42
61 34 47
62 47 42
63 6 49
64 49 50
65 50 51
66 51 52
67 52 53
68 53 54
69 6 55
70 56 57
71 58 59
72 59 53
73 58 60
74 57 61
75 61 62
76 62 42
77 53 63
78 63 66
79 66 64
80 64 65
81 65 67
82 70 71
83 71 68
84 68 69
85 69 42
86 65 72
87 72 74
88 74 73
89 73 75
90 75 76
91 76 77
92 77 78
93 78 79
94 79 43
95 75 80
96 80 81
97 81 82
98 82 44
99 70 77
100 64 83
101 83 84
102 84 85
103 85 86
104 86 87
105 87 74
106 65 84
107 84 88
108 88 89
109 89 90
110 90 91
111 91 92
112 92 84
113 90 93
114 93 95
115 95 94
116 94 96
117 96 97
118 97 98
119 98 99
120 99 100
121 100 74
122 96 101
123 101 102
124 102 103
125 103 74
126 94 97
127 90 104
128 104 105
129 105 106
130 106 107
131 107 108
132 108 109
133 109 110
134 110 111
135 111 90
136 111 112
137 112 114
138 114 96
139 114 101
140 112 113
141 96 115
142 115 116
143 116 117
144 117 118
145 118 112
146 117 120
147 118 119
148 108 121
149 121 122
150 122 123
151 123 124
152 124 125
153 125 126
154 126 127
155 127 108
156 109 126
157 124 128
158 128 129
159 129 130
160 130 131
161 131 132
162 132 133
163 133 134
164 134 112
165 126 135
166 135 129
167 133 130
168 112 136
169 136 133
170 129 137
171 137 138
172 138 139
173 139 140
174 140 141
175 141 117
176 123 142
177 142 143
178 143 128
179 124 144
180 144 143
181 124 145
182 145 143
183 146 147
184 147 148
185 148 149
186 149 150
187 150 137
188 146 151
189 151 152
190 152 153
191 153 154
192 155 156
193 156 157
194 157 158
195 158 152
196 154 159
197 160 161
198 161 162
199 162 163
200 163 148
201 17 164
202 114 117
203 165 78
204 129 143
205 2 166
206 166 3
207 55 167
208 167 56
209 57 168
210 168 58
211 70 169
212 169 67
213 143 170
214 170 171
215 171 146
216 160 172
217 172 159
218 154 173
219 173 155
220 174 7
