4812
1 134 37 1
2 134 37 1
3 134 37 1
4 134 37 1
5 3 11 2.5
6 3 11 2.5
7 3 11 2.5
8 3 11 2.5
9 3 11 2.5
10 3 11 2.5
11 13 155 2.5
12 13 155 2.5
13 13 155 2.5
14 13 155 2.5
15 13 155 2.5
16 152 114 1
17 152 114 1
18 152 114 1
19 152 114 1
20 152 114 1
21 152 114 1
22 152 114 1
23 152 114 1
24 152 114 1
25 152 114 1
26 152 114 1
27 152 114 1
28 152 114 1
29 52 64 1
30 52 64 1
31 52 64 1
32 52 64 1
33 52 64 1
34 52 64 1
35 52 64 1
36 52 64 1
37 52 64 1
38 52 64 1
39 52 64 1
40 52 64 1
41 52 64 1
42 52 64 1
43 52 64 1
44 52 64 1
45 52 64 1
46 35 55 1
47 35 55 1
48 35 55 1
49 35 55 1
50 35 55 1
51 35 55 1
52 35 55 1
53 35 55 1
54 35 55 1
55 35 55 1
56 35 55 1
57 35 55 1
58 35 55 1
59 35 55 1
60 35 55 1
61 35 55 1
62 120 44 1
63 120 44 1
64 120 44 1
65 120 44 1
66 120 44 1
67 120 44 1
68 120 44 1
69 120 44 1
70 120 44 1
71 120 44 1
72 120 44 1
73 120 44 1
74 120 44 1
75 120 44 1
76 120 44 1
77 120 44 1
78 120 44 1
79 120 44 1
80 120 44 1
81 84 34 1
82 84 34 1
83 84 34 1
84 84 34 1
85 84 34 1
86 84 34 1
87 84 34 1
88 84 34 1
89 87 51 2.5
90 49 140 10
91 49 140 10
92 49 140 10
93 49 140 10
94 49 140 10
95 49 140 10
96 49 140 10
97 31 134 40
98 31 134 40
99 15 40 10
100 140 127 1
101 140 127 1
102 140 127 1
103 140 127 1
104 140 127 1
105 140 127 1
106 140 127 1
107 33 11 2.5
108 33 11 2.5
109 105 14 2.5
110 105 14 2.5
111 105 14 2.5
112 105 14 2.5
113 105 14 2.5
114 105 14 2.5
115 105 14 2.5
116 105 14 2.5
117 105 14 2.5
118 120 148 10
119 120 148 10
120 120 148 10
121 120 148 10
122 120 148 10
123 161 95 10
124 161 95 10
125 161 95 10
126 161 95 10
127 161 95 10
128 161 95 10
129 105 82 1
130 105 82 1
131 105 82 1
132 105 82 1
133 105 82 1
134 105 82 1
135 105 82 1
136 105 82 1
137 105 82 1
138 105 82 1
139 86 80 10
140 86 80 10
141 86 80 10
142 86 80 10
143 86 80 10
144 86 80 10
145 86 80 10
146 167 92 1
147 167 92 1
148 167 92 1
149 167 92 1
150 167 92 1
151 167 92 1
152 167 92 1
153 167 92 1
154 167 92 1
155 167 92 1
156 167 92 1
157 167 92 1
158 167 92 1
159 167 92 1
160 167 92 1
161 167 92 1
162 167 92 1
163 167 92 1
164 167 92 1
165 167 92 1
166 167 92 1
167 167 92 1
168 167 92 1
169 8 3 10
170 8 3 10
171 8 3 10
172 8 3 10
173 8 3 10
174 120 168 10
175 42 64 1
176 42 64 1
177 42 64 1
178 42 64 1
179 42 64 1
180 42 64 1
181 42 64 1
182 42 64 1
183 42 64 1
184 42 64 1
185 42 64 1
186 42 64 1
187 42 64 1
188 42 64 1
189 42 64 1
190 42 64 1
191 42 64 1
192 42 64 1
193 42 64 1
194 59 133 2.5
195 59 133 2.5
196 59 133 2.5
197 59 133 2.5
198 59 133 2.5
199 59 133 2.5
200 6 28 1
201 6 28 1
202 6 28 1
203 6 28 1
204 6 28 1
205 6 28 1
206 6 28 1
207 6 28 1
208 6 28 1
209 6 28 1
210 6 28 1
211 6 28 1
212 6 28 1
213 6 28 1
214 6 28 1
215 6 28 1
216 6 28 1
217 6 28 1
218 6 28 1
219 6 28 1
220 123 95 1
221 123 95 1
222 123 95 1
223 123 95 1
224 123 95 1
225 123 95 1
226 123 95 1
227 123 95 1
228 123 95 1
229 62 120 10
230 62 120 10
231 62 120 10
232 126 94 40
233 126 94 40
234 126 94 40
235 126 94 40
236 173 142 1
237 173 142 1
238 173 142 1
239 173 142 1
240 173 142 1
241 173 142 1
242 173 142 1
243 173 142 1
244 173 142 1
245 173 142 1
246 14 70 10
247 14 70 10
248 14 70 10
249 80 34 1
250 80 34 1
251 80 34 1
252 80 34 1
253 80 34 1
254 80 34 1
255 80 34 1
256 80 34 1
257 80 34 1
258 80 34 1
259 80 34 1
260 80 34 1
261 80 34 1
262 80 34 1
263 80 34 1
264 80 34 1
265 80 34 1
266 80 34 1
267 107 103 1
268 107 103 1
269 107 103 1
270 107 103 1
271 107 103 1
272 107 103 1
273 107 103 1
274 107 103 1
275 107 103 1
276 107 103 1
277 107 103 1
278 107 103 1
279 107 103 1
280 107 103 1
281 107 103 1
282 107 103 1
283 107 103 1
284 107 103 1
285 107 103 1
286 107 103 1
287 107 103 1
288 107 103 1
289 124 95 10
290 124 95 10
291 124 95 10
292 124 95 10
293 163 129 2.5
294 163 129 2.5
295 163 129 2.5
296 163 129 2.5
297 163 129 2.5
298 163 129 2.5
299 51 120 10
300 51 120 10
301 155 36 1
302 155 36 1
303 155 36 1
304 155 36 1
305 155 36 1
306 155 36 1
307 155 36 1
308 155 36 1
309 155 36 1
310 155 36 1
311 155 36 1
312 155 36 1
313 155 36 1
314 155 36 1
315 155 36 1
316 155 36 1
317 155 36 1
318 155 36 1
319 116 13 10
320 116 13 10
321 116 13 10
322 116 13 10
323 116 13 10
324 116 13 10
325 116 13 10
326 116 13 10
327 116 13 10
328 53 91 1
329 53 91 1
330 53 91 1
331 53 91 1
332 53 91 1
333 53 91 1
334 53 91 1
335 53 91 1
336 53 91 1
337 53 91 1
338 53 91 1
339 86 64 2.5
340 86 64 2.5
341 86 64 2.5
342 86 64 2.5
343 86 64 2.5
344 86 64 2.5
345 86 64 2.5
346 95 10 10
347 95 10 10
348 95 10 10
349 95 10 10
350 95 10 10
351 94 45 10
352 94 45 10
353 94 45 10
354 94 45 10
355 53 103 10
356 53 103 10
357 53 103 10
358 53 103 10
359 53 103 10
360 53 103 10
361 53 103 10
362 146 87 10
363 56 14 1
364 56 14 1
365 56 14 1
366 56 14 1
367 56 14 1
368 56 14 1
369 56 14 1
370 56 14 1
371 56 14 1
372 56 14 1
373 56 14 1
374 56 14 1
375 56 14 1
376 56 14 1
377 56 14 1
378 56 14 1
379 56 14 1
380 56 14 1
381 56 14 1
382 56 14 1
383 56 14 1
384 56 14 1
385 56 14 1
386 42 32 1
387 42 32 1
388 42 32 1
389 42 32 1
390 42 32 1
391 42 32 1
392 42 32 1
393 42 32 1
394 42 32 1
395 42 32 1
396 42 32 1
397 42 32 1
398 42 32 1
399 42 32 1
400 42 32 1
401 42 32 1
402 42 32 1
403 42 169 10
404 42 169 10
405 42 169 10
406 42 169 10
407 42 169 10
408 133 98 1
409 133 98 1
410 133 98 1
411 133 98 1
412 133 98 1
413 133 98 1
414 133 98 1
415 133 98 1
416 133 98 1
417 46 89 1
418 46 89 1
419 46 89 1
420 46 89 1
421 46 89 1
422 46 89 1
423 46 89 1
424 46 89 1
425 46 89 1
426 46 89 1
427 46 89 1
428 46 89 1
429 46 89 1
430 46 89 1
431 46 89 1
432 46 89 1
433 46 89 1
434 46 89 1
435 46 89 1
436 46 89 1
437 67 108 2.5
438 67 108 2.5
439 67 108 2.5
440 67 108 2.5
441 67 108 2.5
442 67 108 2.5
443 67 108 2.5
444 67 108 2.5
445 67 108 2.5
446 67 108 2.5
447 67 108 2.5
448 63 18 10
449 63 18 10
450 63 18 10
451 63 18 10
452 63 18 10
453 63 18 10
454 63 18 10
455 173 17 100
456 173 17 100
457 173 17 100
458 132 164 10
459 132 164 10
460 132 164 10
461 132 164 10
462 132 164 10
463 132 164 10
464 132 164 10
465 132 164 10
466 132 164 10
467 106 53 1
468 106 53 1
469 106 53 1
470 106 53 1
471 106 53 1
472 106 53 1
473 106 53 1
474 106 53 1
475 106 53 1
476 106 53 1
477 106 53 1
478 106 53 1
479 106 53 1
480 106 53 1
481 106 53 1
482 106 53 1
483 106 53 1
484 106 53 1
485 86 100 10
486 86 100 10
487 100 173 1
488 100 173 1
489 100 173 1
490 100 173 1
491 100 173 1
492 100 173 1
493 100 173 1
494 100 173 1
495 100 173 1
496 100 173 1
497 103 110 1
498 103 110 1
499 103 110 1
500 103 110 1
501 103 110 1
502 103 110 1
503 103 110 1
504 103 110 1
505 103 110 1
506 39 135 2.5
507 39 135 2.5
508 39 135 2.5
509 39 135 2.5
510 39 135 2.5
511 39 135 2.5
512 39 135 2.5
513 39 135 2.5
514 39 135 2.5
515 39 135 2.5
516 39 135 2.5
517 39 135 2.5
518 100 85 1
519 100 85 1
520 100 85 1
521 100 85 1
522 100 85 1
523 100 85 1
524 100 85 1
525 100 85 1
526 18 34 2.5
527 18 34 2.5
528 18 34 2.5
529 160 121 10
530 160 121 10
531 160 121 10
532 160 121 10
533 160 121 10
534 160 121 10
535 160 121 10
536 160 121 10
537 160 121 10
538 50 109 1
539 50 109 1
540 50 109 1
541 50 109 1
542 50 109 1
543 50 109 1
544 57 73 2.5
545 57 73 2.5
546 57 73 2.5
547 57 73 2.5
548 57 73 2.5
549 57 73 2.5
550 57 73 2.5
551 57 73 2.5
552 57 73 2.5
553 57 73 2.5
554 145 70 2.5
555 145 70 2.5
556 83 116 1
557 83 116 1
558 83 116 1
559 83 116 1
560 83 116 1
561 83 116 1
562 83 116 1
563 83 116 1
564 83 116 1
565 83 116 1
566 83 116 1
567 83 116 1
568 83 116 1
569 83 116 1
570 83 116 1
571 83 116 1
572 41 58 1
573 41 58 1
574 41 58 1
575 41 58 1
576 41 58 1
577 41 58 1
578 41 58 1
579 41 58 1
580 41 58 1
581 41 58 1
582 41 58 1
583 41 58 1
584 41 58 1
585 108 167 10
586 108 167 10
587 108 167 10
588 108 167 10
589 108 167 10
590 108 167 10
591 108 167 10
592 21 90 1
593 21 90 1
594 21 90 1
595 21 90 1
596 21 90 1
597 21 90 1
598 21 90 1
599 21 90 1
600 21 90 1
601 21 90 1
602 21 90 1
603 21 90 1
604 21 90 1
605 21 90 1
606 21 90 1
607 21 90 1
608 21 90 1
609 21 90 1
610 21 90 1
611 21 90 1
612 86 17 10
613 86 17 10
614 86 17 10
615 86 17 10
616 100 60 2.5
617 100 60 2.5
618 100 60 2.5
619 133 77 1
620 133 77 1
621 133 77 1
622 133 77 1
623 133 77 1
624 133 77 1
625 133 77 1
626 133 77 1
627 133 77 1
628 133 77 1
629 133 77 1
630 133 77 1
631 42 169 2.5
632 42 169 2.5
633 42 169 2.5
634 42 169 2.5
635 42 169 2.5
636 42 169 2.5
637 42 169 2.5
638 42 169 2.5
639 42 169 2.5
640 42 169 2.5
641 173 106 100
642 173 106 100
643 128 132 10
644 104 158 1
645 104 158 1
646 104 158 1
647 104 158 1
648 104 158 1
649 104 158 1
650 104 158 1
651 104 158 1
652 104 158 1
653 104 158 1
654 104 158 1
655 16 128 1
656 16 128 1
657 16 128 1
658 16 128 1
659 16 128 1
660 16 128 1
661 16 128 1
662 16 128 1
663 16 128 1
664 16 128 1
665 16 128 1
666 16 128 1
667 16 128 1
668 16 128 1
669 16 128 1
670 16 128 1
671 16 128 1
672 16 128 1
673 16 128 1
674 16 128 1
675 16 128 1
676 16 128 1
677 61 117 1
678 61 117 1
679 61 117 1
680 61 117 1
681 61 117 1
682 61 117 1
683 61 117 1
684 61 117 1
685 61 117 1
686 61 117 1
687 61 117 1
688 61 117 1
689 61 117 1
690 61 117 1
691 61 117 1
692 61 117 1
693 61 117 1
694 61 117 1
695 61 117 1
696 61 117 1
697 61 117 1
698 61 117 1
699 61 117 1
700 149 45 2.5
701 149 45 2.5
702 149 45 2.5
703 149 45 2.5
704 149 45 2.5
705 149 45 2.5
706 147 25 2.5
707 147 25 2.5
708 147 25 2.5
709 147 25 2.5
710 147 25 2.5
711 147 25 2.5
712 147 25 2.5
713 147 25 2.5
714 113 139 1
715 113 139 1
716 113 139 1
717 113 139 1
718 113 139 1
719 113 139 1
720 113 139 1
721 113 139 1
722 113 139 1
723 113 139 1
724 113 139 1
725 113 139 1
726 113 139 1
727 113 139 1
728 113 139 1
729 113 139 1
730 113 139 1
731 113 139 1
732 126 66 1
733 126 66 1
734 126 66 1
735 126 66 1
736 126 66 1
737 126 66 1
738 126 66 1
739 126 66 1
740 126 66 1
741 126 66 1
742 126 66 1
743 126 66 1
744 126 66 1
745 126 66 1
746 126 66 1
747 126 66 1
748 126 66 1
749 126 66 1
750 126 66 1
751 126 66 1
752 126 66 1
753 126 66 1
754 168 60 10
755 166 114 1
756 166 114 1
757 166 114 1
758 166 114 1
759 166 114 1
760 166 114 1
761 166 114 1
762 166 114 1
763 166 114 1
764 166 114 1
765 166 114 1
766 166 114 1
767 166 114 1
768 166 114 1
769 166 114 1
770 166 114 1
771 166 114 1
772 166 114 1
773 166 114 1
774 29 31 10
775 29 31 10
776 165 101 2.5
777 165 101 2.5
778 165 101 2.5
779 165 101 2.5
780 165 101 2.5
781 165 101 2.5
782 165 101 2.5
783 165 101 2.5
784 67 76 1
785 67 76 1
786 67 76 1
787 67 76 1
788 67 76 1
789 67 76 1
790 67 76 1
791 77 85 1
792 77 85 1
793 77 85 1
794 77 85 1
795 77 85 1
796 77 85 1
797 77 85 1
798 145 117 1
799 145 117 1
800 145 117 1
801 145 117 1
802 145 117 1
803 145 117 1
804 145 117 1
805 145 117 1
806 145 117 1
807 145 117 1
808 145 117 1
809 145 117 1
810 145 117 1
811 145 117 1
812 145 117 1
813 145 117 1
814 145 117 1
815 29 57 1
816 29 57 1
817 29 57 1
818 29 57 1
819 29 57 1
820 29 57 1
821 29 57 1
822 29 57 1
823 29 57 1
824 29 57 1
825 29 57 1
826 29 57 1
827 29 57 1
828 29 57 1
829 29 57 1
830 108 164 10
831 108 164 10
832 108 164 10
833 108 164 10
834 132 101 2.5
835 132 101 2.5
836 132 101 2.5
837 132 101 2.5
838 132 101 2.5
839 128 33 2.5
840 128 33 2.5
841 128 33 2.5
842 128 33 2.5
843 128 33 2.5
844 128 33 2.5
845 22 127 100
846 131 6 2.5
847 164 167 10
848 164 167 10
849 112 89 100
850 112 89 100
851 112 89 100
852 112 89 100
853 45 60 1
854 45 60 1
855 45 60 1
856 45 60 1
857 45 60 1
858 45 60 1
859 45 60 1
860 45 60 1
861 45 60 1
862 45 60 1
863 45 60 1
864 45 60 1
865 45 60 1
866 45 60 1
867 45 60 1
868 45 60 1
869 45 60 1
870 45 60 1
871 121 49 2.5
872 121 49 2.5
873 121 49 2.5
874 121 49 2.5
875 121 49 2.5
876 121 49 2.5
877 121 49 2.5
878 121 49 2.5
879 103 32 1
880 103 32 1
881 103 32 1
882 103 32 1
883 103 32 1
884 103 32 1
885 103 32 1
886 103 32 1
887 103 32 1
888 103 32 1
889 103 32 1
890 107 54 1
891 107 54 1
892 107 54 1
893 107 54 1
894 107 54 1
895 32 71 10
896 32 71 10
897 32 71 10
898 32 71 10
899 32 71 10
900 32 71 10
901 32 71 10
902 32 71 10
903 9 47 10
904 9 47 10
905 9 47 10
906 9 47 10
907 139 127 1
908 139 127 1
909 139 127 1
910 139 127 1
911 139 127 1
912 139 127 1
913 139 127 1
914 139 127 1
915 80 4 1
916 80 4 1
917 80 4 1
918 80 4 1
919 80 4 1
920 80 4 1
921 80 4 1
922 80 4 1
923 80 4 1
924 80 4 1
925 80 4 1
926 80 4 1
927 80 4 1
928 80 4 1
929 80 4 1
930 80 4 1
931 82 146 1
932 82 146 1
933 82 146 1
934 82 146 1
935 82 146 1
936 82 146 1
937 82 146 1
938 82 146 1
939 82 146 1
940 82 146 1
941 82 146 1
942 82 146 1
943 82 146 1
944 82 146 1
945 166 172 10
946 166 172 10
947 166 172 10
948 166 172 10
949 166 172 10
950 102 167 10
951 102 167 10
952 102 167 10
953 32 136 100
954 32 136 100
955 32 136 100
956 55 159 1
957 55 159 1
958 55 159 1
959 55 159 1
960 55 159 1
961 55 159 1
962 55 159 1
963 55 159 1
964 55 159 1
965 55 159 1
966 55 159 1
967 55 159 1
968 55 159 1
969 55 159 1
970 55 159 1
971 55 159 1
972 59 75 100
973 59 75 100
974 59 75 100
975 140 56 2.5
976 140 56 2.5
977 140 56 2.5
978 140 56 2.5
979 140 56 2.5
980 140 56 2.5
981 140 56 2.5
982 140 56 2.5
983 140 56 2.5
984 140 56 2.5
985 112 81 2.5
986 112 81 2.5
987 112 81 2.5
988 146 163 1
989 146 163 1
990 146 163 1
991 146 163 1
992 146 163 1
993 146 163 1
994 146 163 1
995 146 163 1
996 146 163 1
997 146 163 1
998 146 163 1
999 146 163 1
1000 146 163 1
1001 146 163 1
1002 146 163 1
1003 146 163 1
1004 146 163 1
1005 146 163 1
1006 146 163 1
1007 146 163 1
1008 141 73 1
1009 141 73 1
1010 141 73 1
1011 141 73 1
1012 141 73 1
1013 141 73 1
1014 141 73 1
1015 48 2 10
1016 48 2 10
1017 48 2 10
1018 48 2 10
1019 158 84 2.5
1020 158 84 2.5
1021 158 84 2.5
1022 158 84 2.5
1023 79 125 1
1024 79 125 1
1025 79 125 1
1026 79 125 1
1027 79 125 1
1028 79 125 1
1029 79 125 1
1030 79 125 1
1031 79 125 1
1032 79 125 1
1033 79 125 1
1034 79 125 1
1035 79 125 1
1036 79 125 1
1037 79 125 1
1038 23 130 10
1039 23 130 10
1040 23 130 10
1041 23 130 10
1042 23 130 10
1043 146 62 10
1044 146 62 10
1045 146 62 10
1046 146 62 10
1047 146 62 10
1048 146 62 10
1049 146 62 10
1050 146 62 10
1051 146 62 10
1052 42 166 10
1053 42 166 10
1054 42 166 10
1055 42 166 10
1056 42 166 10
1057 42 166 10
1058 42 166 10
1059 42 166 10
1060 65 22 1
1061 65 22 1
1062 65 22 1
1063 65 22 1
1064 65 22 1
1065 65 22 1
1066 65 22 1
1067 65 22 1
1068 65 22 1
1069 65 22 1
1070 65 22 1
1071 65 22 1
1072 65 22 1
1073 65 22 1
1074 65 22 1
1075 65 22 1
1076 65 22 1
1077 147 63 1
1078 147 63 1
1079 147 63 1
1080 147 63 1
1081 147 63 1
1082 147 63 1
1083 69 157 1
1084 69 157 1
1085 69 157 1
1086 69 157 1
1087 69 157 1
1088 69 157 1
1089 69 157 1
1090 69 157 1
1091 69 157 1
1092 69 157 1
1093 69 157 1
1094 69 157 1
1095 69 157 1
1096 69 157 1
1097 69 157 1
1098 69 157 1
1099 69 157 1
1100 135 131 1
1101 135 131 1
1102 135 131 1
1103 135 131 1
1104 135 131 1
1105 135 131 1
1106 135 131 1
1107 135 131 1
1108 85 21 1
1109 85 21 1
1110 85 21 1
1111 85 21 1
1112 85 21 1
1113 85 21 1
1114 17 168 1
1115 17 168 1
1116 17 168 1
1117 17 168 1
1118 17 168 1
1119 17 168 1
1120 17 168 1
1121 17 168 1
1122 17 168 1
1123 17 168 1
1124 17 168 1
1125 17 168 1
1126 17 168 1
1127 17 168 1
1128 98 61 1
1129 98 61 1
1130 98 61 1
1131 98 61 1
1132 98 61 1
1133 98 61 1
1134 98 61 1
1135 98 61 1
1136 98 61 1
1137 98 61 1
1138 98 61 1
1139 98 61 1
1140 98 61 1
1141 98 61 1
1142 98 61 1
1143 98 61 1
1144 98 61 1
1145 98 61 1
1146 102 73 10
1147 102 73 10
1148 102 73 10
1149 102 73 10
1150 57 73 1
1151 57 73 1
1152 57 73 1
1153 57 73 1
1154 57 73 1
1155 57 73 1
1156 57 73 1
1157 57 73 1
1158 57 73 1
1159 57 73 1
1160 57 73 1
1161 108 39 10
1162 108 39 10
1163 106 130 1
1164 106 130 1
1165 106 130 1
1166 106 130 1
1167 106 130 1
1168 42 88 10
1169 42 88 10
1170 93 127 1
1171 93 127 1
1172 93 127 1
1173 93 127 1
1174 93 127 1
1175 93 127 1
1176 93 127 1
1177 93 127 1
1178 93 127 1
1179 93 127 1
1180 93 127 1
1181 93 127 1
1182 93 127 1
1183 159 108 1
1184 159 108 1
1185 159 108 1
1186 159 108 1
1187 159 108 1
1188 159 108 1
1189 159 108 1
1190 159 108 1
1191 159 108 1
1192 159 108 1
1193 159 108 1
1194 159 108 1
1195 159 108 1
1196 159 108 1
1197 159 108 1
1198 159 108 1
1199 159 108 1
1200 159 108 1
1201 94 137 10
1202 94 137 10
1203 94 137 10
1204 94 137 10
1205 94 137 10
1206 94 137 10
1207 94 137 10
1208 94 137 10
1209 94 137 10
1210 33 102 1
1211 33 102 1
1212 33 102 1
1213 33 102 1
1214 33 102 1
1215 33 102 1
1216 33 102 1
1217 33 102 1
1218 33 102 1
1219 33 102 1
1220 3 138 1
1221 3 138 1
1222 3 138 1
1223 3 138 1
1224 3 138 1
1225 3 138 1
1226 3 138 1
1227 3 138 1
1228 3 138 1
1229 154 144 10
1230 154 144 10
1231 154 144 10
1232 154 144 10
1233 154 144 10
1234 21 162 1
1235 21 162 1
1236 21 162 1
1237 21 162 1
1238 21 162 1
1239 21 162 1
1240 21 162 1
1241 21 162 1
1242 21 162 1
1243 21 162 1
1244 21 162 1
1245 21 162 1
1246 21 162 1
1247 21 162 1
1248 21 162 1
1249 21 162 1
1250 21 162 1
1251 21 162 1
1252 21 162 1
1253 21 162 1
1254 21 162 1
1255 104 32 1
1256 104 32 1
1257 104 32 1
1258 104 32 1
1259 104 32 1
1260 104 32 1
1261 104 32 1
1262 104 32 1
1263 104 32 1
1264 104 32 1
1265 104 32 1
1266 104 32 1
1267 104 32 1
1268 104 32 1
1269 104 32 1
1270 104 32 1
1271 78 165 1
1272 78 165 1
1273 78 165 1
1274 78 165 1
1275 78 165 1
1276 78 165 1
1277 78 165 1
1278 78 165 1
1279 78 165 1
1280 78 165 1
1281 78 165 1
1282 78 165 1
1283 78 165 1
1284 78 165 1
1285 78 165 1
1286 78 165 1
1287 78 165 1
1288 78 165 1
1289 78 165 1
1290 78 165 1
1291 78 165 1
1292 78 165 1
1293 78 165 1
1294 24 81 100
1295 24 81 100
1296 24 81 100
1297 1 110 10
1298 4 78 10
1299 4 78 10
1300 4 78 10
1301 4 78 10
1302 54 158 1
1303 54 158 1
1304 54 158 1
1305 54 158 1
1306 54 158 1
1307 54 158 1
1308 54 158 1
1309 54 158 1
1310 54 158 1
1311 54 158 1
1312 54 158 1
1313 54 158 1
1314 54 158 1
1315 54 158 1
1316 54 158 1
1317 54 158 1
1318 54 158 1
1319 54 158 1
1320 54 158 1
1321 54 158 1
1322 46 122 1
1323 46 122 1
1324 46 122 1
1325 46 122 1
1326 46 122 1
1327 46 122 1
1328 46 122 1
1329 46 122 1
1330 46 122 1
1331 46 122 1
1332 46 122 1
1333 46 122 1
1334 46 122 1
1335 46 122 1
1336 46 122 1
1337 46 122 1
1338 46 122 1
1339 46 122 1
1340 46 122 1
1341 46 122 1
1342 73 42 10
1343 142 85 1
1344 142 85 1
1345 142 85 1
1346 142 85 1
1347 142 85 1
1348 142 85 1
1349 145 83 10
1350 145 83 10
1351 145 83 10
1352 116 135 10
1353 116 135 10
1354 116 135 10
1355 116 135 10
1356 116 135 10
1357 116 135 10
1358 116 135 10
1359 116 135 10
1360 116 135 10
1361 154 39 10
1362 154 39 10
1363 154 39 10
1364 154 39 10
1365 154 39 10
1366 154 39 10
1367 154 39 10
1368 154 39 10
1369 62 30 1
1370 62 30 1
1371 62 30 1
1372 62 30 1
1373 62 30 1
1374 62 30 1
1375 62 30 1
1376 62 30 1
1377 62 30 1
1378 62 30 1
1379 62 30 1
1380 62 30 1
1381 62 30 1
1382 62 30 1
1383 62 30 1
1384 62 30 1
1385 62 30 1
1386 62 30 1
1387 62 30 1
1388 62 30 1
1389 62 30 1
1390 62 30 1
1391 62 30 1
1392 60 55 1
1393 60 55 1
1394 60 55 1
1395 60 55 1
1396 60 55 1
1397 60 55 1
1398 60 55 1
1399 60 55 1
1400 60 55 1
1401 60 55 1
1402 60 55 1
1403 60 55 1
1404 60 55 1
1405 60 55 1
1406 60 55 1
1407 60 55 1
1408 60 55 1
1409 60 55 1
1410 60 55 1
1411 60 55 1
1412 60 55 1
1413 117 96 1
1414 117 96 1
1415 117 96 1
1416 117 96 1
1417 117 96 1
1418 117 96 1
1419 117 96 1
1420 117 96 1
1421 117 96 1
1422 117 96 1
1423 129 144 1
1424 129 144 1
1425 129 144 1
1426 129 144 1
1427 129 144 1
1428 129 144 1
1429 129 144 1
1430 129 144 1
1431 129 144 1
1432 129 144 1
1433 129 144 1
1434 129 144 1
1435 129 144 1
1436 129 144 1
1437 129 144 1
1438 129 144 1
1439 129 144 1
1440 129 144 1
1441 85 95 10
1442 85 95 10
1443 85 95 10
1444 85 95 10
1445 85 95 10
1446 85 95 10
1447 85 95 10
1448 85 95 10
1449 85 95 10
1450 56 100 1
1451 56 100 1
1452 56 100 1
1453 56 100 1
1454 56 100 1
1455 56 100 1
1456 56 100 1
1457 56 100 1
1458 56 100 1
1459 56 100 1
1460 56 100 1
1461 56 100 1
1462 56 100 1
1463 56 100 1
1464 56 100 1
1465 56 100 1
1466 56 100 1
1467 56 100 1
1468 56 100 1
1469 56 100 1
1470 56 100 1
1471 48 122 10
1472 17 106 10
1473 17 106 10
1474 17 106 10
1475 17 106 10
1476 17 106 10
1477 17 106 10
1478 17 106 10
1479 17 106 10
1480 114 154 2.5
1481 114 154 2.5
1482 114 154 2.5
1483 114 154 2.5
1484 114 154 2.5
1485 114 154 2.5
1486 114 154 2.5
1487 114 154 2.5
1488 114 154 2.5
1489 114 154 2.5
1490 114 154 2.5
1491 172 68 1
1492 172 68 1
1493 172 68 1
1494 172 68 1
1495 172 68 1
1496 172 68 1
1497 172 68 1
1498 172 68 1
1499 172 68 1
1500 172 68 1
1501 172 68 1
1502 172 68 1
1503 172 68 1
1504 172 68 1
1505 172 68 1
1506 172 68 1
1507 172 68 1
1508 172 68 1
1509 172 68 1
1510 172 68 1
1511 172 68 1
1512 172 68 1
1513 172 68 1
1514 163 67 10
1515 163 67 10
1516 163 67 10
1517 163 67 10
1518 43 133 10
1519 43 133 10
1520 43 133 10
1521 43 133 10
1522 43 133 10
1523 43 133 10
1524 43 133 10
1525 70 46 10
1526 70 46 10
1527 40 4 1
1528 40 4 1
1529 40 4 1
1530 40 4 1
1531 40 4 1
1532 40 4 1
1533 40 4 1
1534 147 23 10
1535 147 23 10
1536 147 23 10
1537 147 23 10
1538 147 23 10
1539 110 149 10
1540 110 149 10
1541 110 149 10
1542 110 149 10
1543 110 149 10
1544 110 149 10
1545 110 149 10
1546 9 114 2.5
1547 9 114 2.5
1548 9 114 2.5
1549 9 114 2.5
1550 9 114 2.5
1551 9 114 2.5
1552 9 114 2.5
1553 9 114 2.5
1554 130 164 10
1555 130 164 10
1556 130 164 10
1557 130 164 10
1558 89 29 1
1559 89 29 1
1560 89 29 1
1561 89 29 1
1562 89 29 1
1563 89 29 1
1564 89 29 1
1565 89 29 1
1566 89 29 1
1567 89 29 1
1568 89 29 1
1569 89 29 1
1570 89 29 1
1571 3 33 10
1572 3 33 10
1573 3 33 10
1574 114 87 2.5
1575 114 87 2.5
1576 114 87 2.5
1577 114 87 2.5
1578 114 87 2.5
1579 114 87 2.5
1580 114 87 2.5
1581 114 87 2.5
1582 114 87 2.5
1583 114 87 2.5
1584 142 37 10
1585 142 37 10
1586 142 37 10
1587 142 37 10
1588 142 37 10
1589 142 37 10
1590 86 79 2.5
1591 86 79 2.5
1592 124 168 1
1593 124 168 1
1594 124 168 1
1595 124 168 1
1596 124 168 1
1597 124 168 1
1598 124 168 1
1599 124 168 1
1600 124 168 1
1601 124 168 1
1602 124 168 1
1603 124 168 1
1604 112 59 1
1605 112 59 1
1606 112 59 1
1607 112 59 1
1608 112 59 1
1609 112 59 1
1610 112 59 1
1611 112 59 1
1612 112 59 1
1613 112 59 1
1614 112 59 1
1615 112 59 1
1616 112 59 1
1617 112 59 1
1618 112 59 1
1619 112 59 1
1620 112 59 1
1621 145 25 1
1622 145 25 1
1623 145 25 1
1624 145 25 1
1625 145 25 1
1626 145 25 1
1627 145 25 1
1628 145 25 1
1629 145 25 1
1630 145 25 1
1631 145 25 1
1632 145 25 1
1633 145 25 1
1634 145 25 1
1635 145 25 1
1636 145 25 1
1637 145 25 1
1638 145 25 1
1639 145 25 1
1640 145 25 1
1641 145 25 1
1642 113 92 1
1643 113 92 1
1644 113 92 1
1645 113 92 1
1646 113 92 1
1647 113 92 1
1648 113 92 1
1649 113 92 1
1650 49 121 2.5
1651 49 121 2.5
1652 49 121 2.5
1653 49 121 2.5
1654 49 121 2.5
1655 49 121 2.5
1656 49 121 2.5
1657 49 121 2.5
1658 19 46 1
1659 19 46 1
1660 19 46 1
1661 19 46 1
1662 19 46 1
1663 19 46 1
1664 19 46 1
1665 19 46 1
1666 19 46 1
1667 19 46 1
1668 19 46 1
1669 19 46 1
1670 19 46 1
1671 19 46 1
1672 104 120 2.5
1673 104 120 2.5
1674 104 120 2.5
1675 104 120 2.5
1676 104 120 2.5
1677 104 120 2.5
1678 104 120 2.5
1679 104 120 2.5
1680 104 120 2.5
1681 104 120 2.5
1682 139 52 1
1683 139 52 1
1684 139 52 1
1685 139 52 1
1686 139 52 1
1687 139 52 1
1688 139 52 1
1689 60 154 1
1690 60 154 1
1691 60 154 1
1692 60 154 1
1693 60 154 1
1694 60 154 1
1695 60 154 1
1696 60 154 1
1697 60 154 1
1698 60 154 1
1699 60 154 1
1700 156 97 1
1701 156 97 1
1702 156 97 1
1703 156 97 1
1704 156 97 1
1705 156 97 1
1706 156 97 1
1707 156 97 1
1708 156 97 1
1709 156 97 1
1710 156 97 1
1711 156 97 1
1712 156 97 1
1713 156 97 1
1714 156 97 1
1715 156 97 1
1716 156 97 1
1717 156 97 1
1718 156 97 1
1719 156 97 1
1720 129 172 100
1721 125 116 1
1722 125 116 1
1723 125 116 1
1724 125 116 1
1725 125 116 1
1726 125 116 1
1727 125 116 1
1728 125 116 1
1729 125 116 1
1730 125 116 1
1731 125 116 1
1732 125 116 1
1733 125 116 1
1734 125 116 1
1735 125 116 1
1736 125 116 1
1737 45 14 10
1738 45 14 10
1739 45 14 10
1740 45 14 10
1741 45 14 10
1742 45 14 10
1743 45 14 10
1744 158 95 100
1745 158 95 100
1746 158 95 100
1747 121 105 10
1748 121 105 10
1749 121 105 10
1750 130 137 10
1751 130 137 10
1752 130 137 10
1753 130 137 10
1754 130 137 10
1755 133 68 10
1756 133 68 10
1757 64 6 1
1758 64 6 1
1759 64 6 1
1760 64 6 1
1761 64 6 1
1762 64 6 1
1763 64 6 1
1764 62 68 2.5
1765 62 68 2.5
1766 62 68 2.5
1767 62 68 2.5
1768 47 9 10
1769 47 9 10
1770 47 9 10
1771 47 9 10
1772 70 94 2.5
1773 70 94 2.5
1774 70 94 2.5
1775 70 94 2.5
1776 70 94 2.5
1777 70 94 2.5
1778 70 94 2.5
1779 70 94 2.5
1780 70 94 2.5
1781 70 94 2.5
1782 70 94 2.5
1783 25 75 1
1784 25 75 1
1785 25 75 1
1786 25 75 1
1787 25 75 1
1788 25 75 1
1789 25 75 1
1790 25 75 1
1791 25 75 1
1792 25 75 1
1793 25 75 1
1794 25 75 1
1795 8 47 1
1796 8 47 1
1797 8 47 1
1798 8 47 1
1799 8 47 1
1800 8 47 1
1801 8 47 1
1802 8 47 1
1803 8 47 1
1804 8 47 1
1805 8 47 1
1806 145 27 10
1807 145 27 10
1808 162 128 10
1809 162 128 10
1810 162 128 10
1811 162 128 10
1812 162 128 10
1813 162 128 10
1814 162 128 10
1815 162 128 10
1816 162 128 10
1817 83 119 1
1818 83 119 1
1819 83 119 1
1820 83 119 1
1821 83 119 1
1822 83 119 1
1823 83 119 1
1824 83 119 1
1825 83 119 1
1826 83 119 1
1827 83 119 1
1828 83 119 1
1829 83 119 1
1830 83 119 1
1831 83 119 1
1832 83 119 1
1833 83 119 1
1834 83 119 1
1835 83 119 1
1836 83 119 1
1837 83 119 1
1838 83 119 1
1839 83 119 1
1840 95 64 10
1841 95 64 10
1842 95 64 10
1843 93 159 1
1844 93 159 1
1845 93 159 1
1846 93 159 1
1847 93 159 1
1848 93 159 1
1849 93 159 1
1850 93 159 1
1851 108 44 10
1852 108 44 10
1853 108 44 10
1854 108 44 10
1855 108 44 10
1856 156 73 1
1857 156 73 1
1858 156 73 1
1859 156 73 1
1860 156 73 1
1861 65 128 10
1862 65 128 10
1863 65 128 10
1864 65 128 10
1865 65 128 10
1866 65 128 10
1867 65 128 10
1868 65 128 10
1869 22 35 1
1870 22 35 1
1871 22 35 1
1872 22 35 1
1873 22 35 1
1874 128 136 100
1875 114 174 2.5
1876 114 174 2.5
1877 114 174 2.5
1878 114 174 2.5
1879 114 174 2.5
1880 114 174 2.5
1881 21 42 1
1882 21 42 1
1883 21 42 1
1884 21 42 1
1885 21 42 1
1886 21 42 1
1887 21 42 1
1888 21 42 1
1889 21 42 1
1890 21 42 1
1891 21 42 1
1892 21 42 1
1893 21 42 1
1894 21 42 1
1895 21 42 1
1896 21 42 1
1897 21 42 1
1898 21 42 1
1899 21 42 1
1900 17 15 10
1901 17 15 10
1902 17 15 10
1903 17 15 10
1904 17 15 10
1905 17 15 10
1906 17 15 10
1907 17 15 10
1908 167 119 100
1909 34 6 2.5
1910 34 6 2.5
1911 34 6 2.5
1912 34 6 2.5
1913 34 6 2.5
1914 34 6 2.5
1915 34 6 2.5
1916 34 6 2.5
1917 34 6 2.5
1918 104 149 1
1919 104 149 1
1920 104 149 1
1921 104 149 1
1922 104 149 1
1923 104 149 1
1924 104 149 1
1925 104 149 1
1926 104 149 1
1927 104 149 1
1928 104 149 1
1929 104 149 1
1930 104 149 1
1931 104 149 1
1932 104 149 1
1933 104 149 1
1934 155 81 2.5
1935 155 81 2.5
1936 155 81 2.5
1937 155 81 2.5
1938 155 81 2.5
1939 155 81 2.5
1940 155 81 2.5
1941 155 81 2.5
1942 155 81 2.5
1943 155 81 2.5
1944 9 75 10
1945 9 75 10
1946 9 75 10
1947 9 75 10
1948 9 75 10
1949 140 156 1
1950 140 156 1
1951 140 156 1
1952 140 156 1
1953 140 156 1
1954 140 156 1
1955 140 156 1
1956 140 156 1
1957 140 156 1
1958 140 156 1
1959 140 156 1
1960 140 156 1
1961 140 156 1
1962 140 156 1
1963 84 165 10
1964 84 165 10
1965 84 165 10
1966 84 165 10
1967 84 165 10
1968 84 165 10
1969 84 165 10
1970 84 165 10
1971 84 165 10
1972 110 128 1
1973 110 128 1
1974 110 128 1
1975 110 128 1
1976 110 128 1
1977 110 128 1
1978 110 128 1
1979 110 128 1
1980 110 128 1
1981 110 128 1
1982 110 128 1
1983 110 128 1
1984 110 128 1
1985 110 128 1
1986 110 128 1
1987 77 106 1
1988 77 106 1
1989 77 106 1
1990 77 106 1
1991 77 106 1
1992 77 106 1
1993 77 106 1
1994 77 106 1
1995 77 106 1
1996 94 15 1
1997 94 15 1
1998 94 15 1
1999 94 15 1
2000 94 15 1
2001 94 15 1
2002 94 15 1
2003 94 15 1
2004 94 15 1
2005 94 15 1
2006 94 15 1
2007 93 83 10
2008 57 87 2.5
2009 57 87 2.5
2010 17 15 2.5
2011 17 15 2.5
2012 17 15 2.5
2013 17 15 2.5
2014 17 15 2.5
2015 17 15 2.5
2016 17 15 2.5
2017 17 15 2.5
2018 68 90 1
2019 68 90 1
2020 68 90 1
2021 68 90 1
2022 68 90 1
2023 68 90 1
2024 68 90 1
2025 68 90 1
2026 68 90 1
2027 68 90 1
2028 68 90 1
2029 68 90 1
2030 68 90 1
2031 68 90 1
2032 68 90 1
2033 68 90 1
2034 68 90 1
2035 68 90 1
2036 48 113 1
2037 48 113 1
2038 48 113 1
2039 48 113 1
2040 48 113 1
2041 48 113 1
2042 48 113 1
2043 48 113 1
2044 48 113 1
2045 48 113 1
2046 48 113 1
2047 48 113 1
2048 48 113 1
2049 48 113 1
2050 48 113 1
2051 48 113 1
2052 48 113 1
2053 48 113 1
2054 48 113 1
2055 48 113 1
2056 48 113 1
2057 48 113 1
2058 48 113 1
2059 111 121 10
2060 111 121 10
2061 156 62 2.5
2062 156 62 2.5
2063 156 62 2.5
2064 156 62 2.5
2065 43 47 1
2066 43 47 1
2067 43 47 1
2068 43 47 1
2069 43 47 1
2070 43 47 1
2071 43 47 1
2072 43 47 1
2073 43 47 1
2074 43 47 1
2075 43 47 1
2076 43 47 1
2077 43 47 1
2078 43 47 1
2079 43 47 1
2080 43 47 1
2081 43 47 1
2082 43 47 1
2083 43 47 1
2084 43 47 1
2085 43 47 1
2086 43 47 1
2087 43 47 1
2088 147 107 1
2089 147 107 1
2090 147 107 1
2091 147 107 1
2092 147 107 1
2093 147 107 1
2094 147 107 1
2095 147 107 1
2096 147 107 1
2097 147 107 1
2098 147 107 1
2099 147 107 1
2100 147 107 1
2101 147 107 1
2102 147 107 1
2103 147 107 1
2104 147 107 1
2105 147 107 1
2106 39 3 1
2107 39 3 1
2108 39 3 1
2109 39 3 1
2110 39 3 1
2111 39 3 1
2112 39 3 1
2113 39 3 1
2114 145 59 1
2115 145 59 1
2116 145 59 1
2117 145 59 1
2118 145 59 1
2119 145 59 1
2120 145 59 1
2121 145 59 1
2122 145 59 1
2123 145 59 1
2124 145 59 1
2125 145 59 1
2126 145 59 1
2127 145 59 1
2128 70 117 10
2129 70 117 10
2130 70 117 10
2131 70 117 10
2132 70 117 10
2133 59 32 1
2134 59 32 1
2135 59 32 1
2136 59 32 1
2137 59 32 1
2138 59 32 1
2139 59 32 1
2140 59 32 1
2141 59 32 1
2142 59 32 1
2143 59 32 1
2144 59 32 1
2145 59 32 1
2146 59 32 1
2147 59 32 1
2148 59 32 1
2149 59 32 1
2150 136 53 10
2151 136 53 10
2152 87 152 1
2153 87 152 1
2154 87 152 1
2155 87 152 1
2156 87 152 1
2157 87 152 1
2158 87 152 1
2159 87 152 1
2160 87 152 1
2161 87 152 1
2162 87 152 1
2163 87 152 1
2164 87 152 1
2165 87 152 1
2166 87 152 1
2167 87 152 1
2168 87 152 1
2169 87 152 1
2170 87 152 1
2171 87 152 1
2172 87 152 1
2173 6 59 2.5
2174 6 59 2.5
2175 91 20 1
2176 91 20 1
2177 91 20 1
2178 91 20 1
2179 91 20 1
2180 91 20 1
2181 91 20 1
2182 91 20 1
2183 91 20 1
2184 91 20 1
2185 91 20 1
2186 91 20 1
2187 91 20 1
2188 91 20 1
2189 91 20 1
2190 91 20 1
2191 91 20 1
2192 91 20 1
2193 91 20 1
2194 91 20 1
2195 91 20 1
2196 91 20 1
2197 91 20 1
2198 33 49 1
2199 33 49 1
2200 33 49 1
2201 33 49 1
2202 33 49 1
2203 33 49 1
2204 33 49 1
2205 33 49 1
2206 33 49 1
2207 33 49 1
2208 33 49 1
2209 33 49 1
2210 33 49 1
2211 33 49 1
2212 33 49 1
2213 33 49 1
2214 33 49 1
2215 33 49 1
2216 33 49 1
2217 33 49 1
2218 33 49 1
2219 33 49 1
2220 33 49 1
2221 51 7 1
2222 51 7 1
2223 51 7 1
2224 51 7 1
2225 51 7 1
2226 51 7 1
2227 51 7 1
2228 51 7 1
2229 51 7 1
2230 51 7 1
2231 51 7 1
2232 51 7 1
2233 51 7 1
2234 51 7 1
2235 51 7 1
2236 119 62 1
2237 119 62 1
2238 119 62 1
2239 119 62 1
2240 119 62 1
2241 119 62 1
2242 119 62 1
2243 119 62 1
2244 119 62 1
2245 119 62 1
2246 119 62 1
2247 119 62 1
2248 119 62 1
2249 119 62 1
2250 119 62 1
2251 119 62 1
2252 119 62 1
2253 119 62 1
2254 81 156 1
2255 81 156 1
2256 81 156 1
2257 81 156 1
2258 81 156 1
2259 81 156 1
2260 81 156 1
2261 81 156 1
2262 81 156 1
2263 19 162 1
2264 19 162 1
2265 19 162 1
2266 19 162 1
2267 19 162 1
2268 19 162 1
2269 19 162 1
2270 19 162 1
2271 19 162 1
2272 19 162 1
2273 19 162 1
2274 19 162 1
2275 19 162 1
2276 19 162 1
2277 19 162 1
2278 19 162 1
2279 19 162 1
2280 126 138 10
2281 126 138 10
2282 126 138 10
2283 173 174 2.5
2284 173 174 2.5
2285 173 174 2.5
2286 159 38 1
2287 159 38 1
2288 159 38 1
2289 159 38 1
2290 159 38 1
2291 159 38 1
2292 159 38 1
2293 159 38 1
2294 159 38 1
2295 159 38 1
2296 159 38 1
2297 159 38 1
2298 150 124 2.5
2299 150 124 2.5
2300 69 58 1
2301 69 58 1
2302 69 58 1
2303 69 58 1
2304 69 58 1
2305 69 58 1
2306 69 58 1
2307 69 58 1
2308 69 58 1
2309 69 58 1
2310 69 58 1
2311 38 75 10
2312 38 75 10
2313 38 75 10
2314 38 75 10
2315 38 75 10
2316 38 75 10
2317 38 75 10
2318 49 94 1
2319 49 94 1
2320 49 94 1
2321 49 94 1
2322 49 94 1
2323 49 94 1
2324 89 61 1
2325 89 61 1
2326 89 61 1
2327 89 61 1
2328 89 61 1
2329 89 61 1
2330 89 61 1
2331 89 61 1
2332 89 61 1
2333 89 61 1
2334 137 28 2.5
2335 117 77 10
2336 117 77 10
2337 117 77 10
2338 71 69 2.5
2339 71 69 2.5
2340 71 69 2.5
2341 71 69 2.5
2342 71 69 2.5
2343 71 69 2.5
2344 71 69 2.5
2345 71 69 2.5
2346 71 69 2.5
2347 71 69 2.5
2348 71 69 2.5
2349 65 42 10
2350 65 42 10
2351 65 42 10
2352 65 42 10
2353 65 42 10
2354 65 42 10
2355 65 42 10
2356 50 27 1
2357 50 27 1
2358 50 27 1
2359 50 27 1
2360 50 27 1
2361 50 27 1
2362 50 27 1
2363 50 27 1
2364 50 27 1
2365 50 27 1
2366 50 27 1
2367 50 27 1
2368 50 27 1
2369 50 27 1
2370 50 27 1
2371 50 27 1
2372 50 27 1
2373 50 27 1
2374 67 10 1
2375 67 10 1
2376 67 10 1
2377 67 10 1
2378 67 10 1
2379 67 10 1
2380 67 10 1
2381 67 10 1
2382 67 10 1
2383 67 10 1
2384 67 10 1
2385 67 10 1
2386 67 10 1
2387 67 10 1
2388 67 10 1
2389 102 76 1
2390 102 76 1
2391 102 76 1
2392 102 76 1
2393 102 76 1
2394 102 76 1
2395 102 76 1
2396 17 60 10
2397 17 60 10
2398 17 60 10
2399 17 60 10
2400 17 60 10
2401 17 60 10
2402 17 60 10
2403 17 60 10
2404 55 8 1
2405 55 8 1
2406 55 8 1
2407 55 8 1
2408 55 8 1
2409 55 8 1
2410 55 8 1
2411 55 8 1
2412 55 8 1
2413 55 8 1
2414 55 8 1
2415 28 77 2.5
2416 28 77 2.5
2417 28 77 2.5
2418 28 77 2.5
2419 28 77 2.5
2420 28 77 2.5
2421 28 77 2.5
2422 28 77 2.5
2423 66 17 1
2424 66 17 1
2425 66 17 1
2426 66 17 1
2427 66 17 1
2428 66 17 1
2429 66 17 1
2430 48 40 10
2431 48 40 10
2432 48 40 10
2433 48 40 10
2434 48 40 10
2435 148 22 1
2436 148 22 1
2437 148 22 1
2438 148 22 1
2439 148 22 1
2440 148 22 1
2441 148 22 1
2442 148 22 1
2443 148 22 1
2444 148 22 1
2445 148 22 1
2446 148 22 1
2447 148 22 1
2448 148 22 1
2449 148 22 1
2450 148 22 1
2451 148 22 1
2452 148 22 1
2453 148 22 1
2454 148 22 1
2455 148 22 1
2456 148 22 1
2457 69 163 1
2458 69 163 1
2459 69 163 1
2460 69 163 1
2461 69 163 1
2462 69 163 1
2463 69 163 1
2464 18 34 10
2465 18 34 10
2466 18 34 10
2467 18 34 10
2468 18 34 10
2469 18 34 10
2470 18 34 10
2471 18 34 10
2472 18 34 10
2473 34 14 10
2474 34 14 10
2475 34 14 10
2476 34 14 10
2477 34 14 10
2478 34 14 10
2479 34 14 10
2480 34 14 10
2481 34 14 10
2482 98 42 1
2483 98 42 1
2484 98 42 1
2485 98 42 1
2486 98 42 1
2487 98 42 1
2488 98 42 1
2489 98 42 1
2490 98 42 1
2491 98 42 1
2492 98 42 1
2493 98 42 1
2494 98 42 1
2495 98 42 1
2496 98 42 1
2497 98 42 1
2498 142 49 1
2499 142 49 1
2500 142 49 1
2501 142 49 1
2502 142 49 1
2503 52 124 10
2504 52 124 10
2505 52 124 10
2506 52 124 10
2507 158 162 1
2508 158 162 1
2509 158 162 1
2510 158 162 1
2511 158 162 1
2512 158 162 1
2513 158 162 1
2514 158 162 1
2515 158 162 1
2516 158 162 1
2517 158 162 1
2518 158 162 1
2519 158 162 1
2520 158 162 1
2521 158 162 1
2522 158 162 1
2523 158 162 1
2524 18 58 10
2525 18 58 10
2526 18 58 10
2527 18 58 10
2528 18 58 10
2529 18 58 10
2530 18 58 10
2531 108 150 2.5
2532 108 150 2.5
2533 108 150 2.5
2534 108 150 2.5
2535 108 150 2.5
2536 108 150 2.5
2537 108 150 2.5
2538 108 150 2.5
2539 108 150 2.5
2540 55 159 10
2541 55 159 10
2542 55 159 10
2543 55 159 10
2544 55 159 10
2545 55 159 10
2546 55 159 10
2547 55 159 10
2548 128 42 1
2549 128 42 1
2550 128 42 1
2551 128 42 1
2552 128 42 1
2553 128 42 1
2554 128 42 1
2555 128 42 1
2556 128 42 1
2557 128 42 1
2558 128 42 1
2559 88 48 2.5
2560 88 48 2.5
2561 88 48 2.5
2562 88 48 2.5
2563 133 64 1
2564 133 64 1
2565 133 64 1
2566 133 64 1
2567 133 64 1
2568 133 64 1
2569 133 64 1
2570 133 64 1
2571 133 64 1
2572 133 64 1
2573 133 64 1
2574 133 64 1
2575 133 64 1
2576 133 64 1
2577 133 64 1
2578 133 64 1
2579 133 64 1
2580 133 64 1
2581 133 64 1
2582 133 64 1
2583 133 64 1
2584 133 64 1
2585 36 52 1
2586 36 52 1
2587 36 52 1
2588 36 52 1
2589 36 52 1
2590 36 52 1
2591 36 52 1
2592 36 52 1
2593 36 52 1
2594 36 52 1
2595 36 52 1
2596 36 52 1
2597 36 52 1
2598 36 52 1
2599 36 52 1
2600 36 52 1
2601 36 52 1
2602 36 52 1
2603 36 52 1
2604 36 52 1
2605 118 174 1
2606 118 174 1
2607 118 174 1
2608 118 174 1
2609 118 174 1
2610 118 174 1
2611 118 174 1
2612 118 174 1
2613 118 174 1
2614 118 174 1
2615 118 174 1
2616 118 174 1
2617 118 174 1
2618 118 174 1
2619 118 174 1
2620 118 174 1
2621 118 174 1
2622 118 174 1
2623 118 174 1
2624 118 174 1
2625 118 174 1
2626 118 174 1
2627 63 137 1
2628 63 137 1
2629 63 137 1
2630 63 137 1
2631 63 137 1
2632 63 137 1
2633 63 137 1
2634 63 137 1
2635 63 137 1
2636 63 137 1
2637 63 137 1
2638 63 137 1
2639 21 123 10
2640 21 123 10
2641 21 123 10
2642 21 123 10
2643 21 123 10
2644 21 123 10
2645 21 123 10
2646 21 123 10
2647 21 123 10
2648 108 26 2.5
2649 108 26 2.5
2650 108 26 2.5
2651 108 26 2.5
2652 108 26 2.5
2653 80 107 1
2654 80 107 1
2655 80 107 1
2656 80 107 1
2657 80 107 1
2658 80 107 1
2659 80 107 1
2660 80 107 1
2661 80 107 1
2662 80 107 1
2663 80 107 1
2664 80 107 1
2665 80 107 1
2666 80 107 1
2667 80 107 1
2668 80 107 1
2669 80 107 1
2670 80 107 1
2671 80 107 1
2672 80 107 1
2673 80 107 1
2674 80 107 1
2675 80 107 1
2676 15 156 10
2677 15 156 10
2678 15 156 10
2679 15 156 10
2680 70 65 10
2681 70 65 10
2682 70 65 10
2683 70 65 10
2684 70 65 10
2685 70 65 10
2686 57 16 10
2687 57 16 10
2688 57 16 10
2689 150 47 2.5
2690 150 47 2.5
2691 150 47 2.5
2692 150 47 2.5
2693 146 100 100
2694 146 100 100
2695 146 100 100
2696 146 100 100
2697 25 168 10
2698 130 19 10
2699 130 19 10
2700 130 19 10
2701 130 19 10
2702 130 19 10
2703 130 19 10
2704 130 19 10
2705 55 16 1
2706 55 16 1
2707 55 16 1
2708 55 16 1
2709 55 16 1
2710 55 16 1
2711 55 16 1
2712 55 16 1
2713 55 16 1
2714 55 16 1
2715 123 139 10
2716 123 139 10
2717 123 139 10
2718 123 139 10
2719 123 139 10
2720 123 139 10
2721 38 65 1
2722 38 65 1
2723 38 65 1
2724 38 65 1
2725 38 65 1
2726 38 65 1
2727 38 65 1
2728 38 65 1
2729 38 65 1
2730 38 65 1
2731 38 65 1
2732 38 65 1
2733 38 65 1
2734 38 65 1
2735 38 65 1
2736 38 65 1
2737 38 65 1
2738 38 65 1
2739 38 65 1
2740 28 20 10
2741 28 20 10
2742 28 20 10
2743 28 20 10
2744 28 20 10
2745 28 20 10
2746 28 20 10
2747 28 20 10
2748 25 44 1
2749 25 44 1
2750 25 44 1
2751 25 44 1
2752 25 44 1
2753 25 44 1
2754 25 44 1
2755 25 44 1
2756 25 44 1
2757 25 44 1
2758 25 44 1
2759 25 44 1
2760 25 44 1
2761 25 44 1
2762 25 44 1
2763 25 44 1
2764 25 44 1
2765 25 44 1
2766 25 44 1
2767 25 44 1
2768 48 25 100
2769 48 25 100
2770 48 25 100
2771 48 25 100
2772 174 3 100
2773 96 130 1
2774 96 130 1
2775 96 130 1
2776 96 130 1
2777 96 130 1
2778 96 130 1
2779 96 130 1
2780 96 130 1
2781 96 130 1
2782 96 130 1
2783 96 130 1
2784 96 130 1
2785 96 130 1
2786 96 130 1
2787 96 130 1
2788 96 130 1
2789 96 130 1
2790 96 130 1
2791 96 130 1
2792 96 130 1
2793 96 130 1
2794 71 79 1
2795 71 79 1
2796 71 79 1
2797 71 79 1
2798 71 79 1
2799 71 79 1
2800 71 79 1
2801 71 79 1
2802 71 79 1
2803 71 79 1
2804 71 79 1
2805 71 79 1
2806 71 79 1
2807 71 79 1
2808 71 79 1
2809 71 79 1
2810 97 1 10
2811 97 1 10
2812 97 1 10
2813 97 1 10
2814 97 1 10
2815 97 1 10
2816 97 1 10
2817 97 1 10
2818 8 153 10
2819 8 153 10
2820 8 153 10
2821 8 153 10
2822 8 153 10
2823 8 153 10
2824 168 32 10
2825 168 32 10
2826 118 124 10
2827 118 124 10
2828 118 124 10
2829 118 124 10
2830 118 124 10
2831 118 124 10
2832 118 124 10
2833 118 124 10
2834 96 83 10
2835 96 83 10
2836 96 83 10
2837 64 107 10
2838 169 102 10
2839 169 102 10
2840 169 102 10
2841 169 102 10
2842 88 140 10
2843 88 140 10
2844 88 140 10
2845 170 91 10
2846 170 91 10
2847 170 91 10
2848 170 91 10
2849 170 91 10
2850 132 159 1
2851 132 159 1
2852 132 159 1
2853 132 159 1
2854 132 159 1
2855 132 159 1
2856 132 159 1
2857 132 159 1
2858 132 159 1
2859 132 159 1
2860 132 159 1
2861 132 159 1
2862 132 159 1
2863 132 159 1
2864 132 159 1
2865 132 159 1
2866 132 159 1
2867 132 159 1
2868 99 124 1
2869 99 124 1
2870 99 124 1
2871 99 124 1
2872 99 124 1
2873 99 124 1
2874 79 41 100
2875 79 41 100
2876 79 41 100
2877 132 145 10
2878 132 145 10
2879 132 145 10
2880 132 145 10
2881 132 145 10
2882 132 145 10
2883 168 136 2.5
2884 97 6 1
2885 97 6 1
2886 97 6 1
2887 97 6 1
2888 97 6 1
2889 97 6 1
2890 97 6 1
2891 99 161 2.5
2892 99 161 2.5
2893 99 161 2.5
2894 99 161 2.5
2895 99 161 2.5
2896 99 161 2.5
2897 99 161 2.5
2898 99 161 2.5
2899 99 161 2.5
2900 85 148 1
2901 85 148 1
2902 85 148 1
2903 85 148 1
2904 85 148 1
2905 85 148 1
2906 85 148 1
2907 85 148 1
2908 85 148 1
2909 85 148 1
2910 85 148 1
2911 85 148 1
2912 85 148 1
2913 85 148 1
2914 85 148 1
2915 85 148 1
2916 85 148 1
2917 85 148 1
2918 85 148 1
2919 85 148 1
2920 85 148 1
2921 42 60 1
2922 42 60 1
2923 42 60 1
2924 42 60 1
2925 42 60 1
2926 42 60 1
2927 42 60 1
2928 42 60 1
2929 42 60 1
2930 56 18 1
2931 56 18 1
2932 56 18 1
2933 56 18 1
2934 56 18 1
2935 56 18 1
2936 56 18 1
2937 56 18 1
2938 56 18 1
2939 56 18 1
2940 71 128 2.5
2941 71 128 2.5
2942 71 128 2.5
2943 71 128 2.5
2944 71 128 2.5
2945 71 128 2.5
2946 163 16 1
2947 163 16 1
2948 163 16 1
2949 163 16 1
2950 163 16 1
2951 163 16 1
2952 163 16 1
2953 163 16 1
2954 163 16 1
2955 96 143 10
2956 96 143 10
2957 50 33 10
2958 91 5 2.5
2959 91 5 2.5
2960 91 5 2.5
2961 114 129 10
2962 114 129 10
2963 114 129 10
2964 114 129 10
2965 114 129 10
2966 35 89 10
2967 47 130 1
2968 47 130 1
2969 47 130 1
2970 47 130 1
2971 47 130 1
2972 47 130 1
2973 47 130 1
2974 47 130 1
2975 47 130 1
2976 47 130 1
2977 47 130 1
2978 47 130 1
2979 47 130 1
2980 47 130 1
2981 47 130 1
2982 47 130 1
2983 47 130 1
2984 47 130 1
2985 68 163 2.5
2986 68 163 2.5
2987 68 163 2.5
2988 68 163 2.5
2989 68 163 2.5
2990 105 2 1
2991 105 2 1
2992 105 2 1
2993 105 2 1
2994 105 2 1
2995 105 2 1
2996 105 2 1
2997 115 171 1
2998 115 171 1
2999 115 171 1
3000 115 171 1
3001 115 171 1
3002 115 171 1
3003 115 171 1
3004 115 171 1
3005 115 171 1
3006 115 171 1
3007 88 52 10
3008 88 52 10
3009 88 52 10
3010 113 44 10
3011 113 44 10
3012 113 44 10
3013 113 44 10
3014 113 44 10
3015 113 44 10
3016 113 44 10
3017 113 44 10
3018 47 90 1
3019 47 90 1
3020 47 90 1
3021 47 90 1
3022 47 90 1
3023 47 90 1
3024 47 90 1
3025 47 90 1
3026 47 90 1
3027 47 90 1
3028 47 90 1
3029 47 90 1
3030 47 90 1
3031 47 90 1
3032 47 90 1
3033 47 90 1
3034 47 90 1
3035 47 90 1
3036 47 90 1
3037 154 13 1
3038 154 13 1
3039 154 13 1
3040 154 13 1
3041 154 13 1
3042 154 13 1
3043 154 13 1
3044 154 13 1
3045 154 13 1
3046 154 13 1
3047 154 13 1
3048 113 100 10
3049 113 100 10
3050 113 100 10
3051 113 100 10
3052 113 100 10
3053 113 100 10
3054 113 100 10
3055 113 100 10
3056 109 99 1
3057 109 99 1
3058 109 99 1
3059 109 99 1
3060 109 99 1
3061 109 99 1
3062 109 99 1
3063 109 99 1
3064 109 99 1
3065 109 99 1
3066 109 99 1
3067 109 99 1
3068 109 99 1
3069 109 99 1
3070 109 99 1
3071 109 99 1
3072 144 36 1
3073 144 36 1
3074 144 36 1
3075 144 36 1
3076 144 36 1
3077 144 36 1
3078 144 36 1
3079 144 36 1
3080 144 36 1
3081 144 36 1
3082 144 36 1
3083 144 36 1
3084 144 36 1
3085 144 36 1
3086 144 36 1
3087 144 36 1
3088 144 36 1
3089 144 36 1
3090 144 36 1
3091 144 36 1
3092 144 36 1
3093 144 36 1
3094 78 20 1
3095 78 20 1
3096 78 20 1
3097 78 20 1
3098 78 20 1
3099 78 20 1
3100 78 20 1
3101 78 20 1
3102 78 20 1
3103 78 20 1
3104 78 20 1
3105 78 20 1
3106 78 20 1
3107 78 20 1
3108 78 20 1
3109 78 20 1
3110 78 20 1
3111 78 20 1
3112 78 20 1
3113 78 20 1
3114 78 20 1
3115 78 20 1
3116 78 20 1
3117 128 45 10
3118 128 45 10
3119 128 45 10
3120 128 45 10
3121 128 45 10
3122 128 45 10
3123 128 45 10
3124 128 45 10
3125 128 45 10
3126 81 126 1
3127 81 126 1
3128 81 126 1
3129 81 126 1
3130 81 126 1
3131 81 126 1
3132 81 126 1
3133 81 126 1
3134 81 126 1
3135 81 126 1
3136 81 126 1
3137 81 126 1
3138 47 87 2.5
3139 47 87 2.5
3140 47 87 2.5
3141 47 87 2.5
3142 47 87 2.5
3143 47 87 2.5
3144 47 87 2.5
3145 47 87 2.5
3146 16 83 10
3147 16 83 10
3148 16 83 10
3149 16 83 10
3150 16 83 10
3151 16 83 10
3152 138 99 10
3153 138 99 10
3154 138 99 10
3155 138 99 10
3156 138 99 10
3157 138 99 10
3158 138 99 10
3159 168 163 1
3160 168 163 1
3161 168 163 1
3162 168 163 1
3163 168 163 1
3164 168 163 1
3165 168 163 1
3166 168 163 1
3167 168 163 1
3168 168 163 1
3169 168 163 1
3170 168 163 1
3171 168 163 1
3172 168 163 1
3173 168 163 1
3174 168 163 1
3175 168 163 1
3176 168 163 1
3177 168 163 1
3178 168 163 1
3179 168 163 1
3180 168 163 1
3181 160 97 1
3182 160 97 1
3183 160 97 1
3184 160 97 1
3185 160 97 1
3186 160 97 1
3187 160 97 1
3188 160 97 1
3189 160 97 1
3190 160 97 1
3191 160 97 1
3192 160 97 1
3193 160 97 1
3194 160 97 1
3195 160 97 1
3196 160 97 1
3197 160 97 1
3198 160 97 1
3199 76 6 1
3200 76 6 1
3201 76 6 1
3202 76 6 1
3203 76 6 1
3204 76 6 1
3205 42 50 1
3206 42 50 1
3207 42 50 1
3208 42 50 1
3209 42 50 1
3210 42 50 1
3211 42 50 1
3212 42 50 1
3213 42 50 1
3214 42 50 1
3215 42 50 1
3216 42 50 1
3217 42 50 1
3218 42 50 1
3219 42 50 1
3220 42 50 1
3221 2 130 1
3222 2 130 1
3223 2 130 1
3224 2 130 1
3225 2 130 1
3226 2 130 1
3227 2 130 1
3228 2 130 1
3229 2 130 1
3230 2 130 1
3231 2 130 1
3232 2 130 1
3233 2 130 1
3234 2 130 1
3235 2 130 1
3236 2 130 1
3237 2 130 1
3238 2 130 1
3239 2 130 1
3240 2 130 1
3241 2 130 1
3242 2 130 1
3243 130 152 2.5
3244 130 152 2.5
3245 130 152 2.5
3246 130 152 2.5
3247 130 152 2.5
3248 130 152 2.5
3249 83 160 10
3250 83 160 10
3251 83 160 10
3252 83 160 10
3253 83 160 10
3254 77 166 1
3255 77 166 1
3256 77 166 1
3257 77 166 1
3258 77 166 1
3259 77 166 1
3260 77 166 1
3261 77 166 1
3262 77 166 1
3263 77 166 1
3264 77 166 1
3265 77 166 1
3266 77 166 1
3267 77 166 1
3268 77 166 1
3269 77 166 1
3270 77 166 1
3271 77 166 1
3272 122 96 1
3273 122 96 1
3274 122 96 1
3275 122 96 1
3276 122 96 1
3277 122 96 1
3278 122 96 1
3279 122 96 1
3280 122 96 1
3281 122 96 1
3282 122 96 1
3283 122 96 1
3284 122 96 1
3285 122 96 1
3286 122 96 1
3287 122 96 1
3288 122 96 1
3289 61 154 10
3290 83 14 1
3291 83 14 1
3292 83 14 1
3293 83 14 1
3294 83 14 1
3295 83 14 1
3296 83 14 1
3297 83 14 1
3298 83 14 1
3299 83 14 1
3300 83 14 1
3301 83 14 1
3302 83 14 1
3303 83 14 1
3304 83 14 1
3305 83 14 1
3306 83 14 1
3307 144 132 1
3308 144 132 1
3309 144 132 1
3310 144 132 1
3311 144 132 1
3312 93 101 2.5
3313 93 101 2.5
3314 93 101 2.5
3315 93 101 2.5
3316 93 101 2.5
3317 168 136 2.5
3318 168 136 2.5
3319 168 136 2.5
3320 168 136 2.5
3321 168 136 2.5
3322 168 136 2.5
3323 168 136 2.5
3324 71 148 10
3325 71 148 10
3326 71 148 10
3327 71 148 10
3328 8 151 1
3329 8 151 1
3330 8 151 1
3331 8 151 1
3332 8 151 1
3333 8 151 1
3334 8 151 1
3335 8 151 1
3336 8 151 1
3337 43 9 1
3338 43 9 1
3339 43 9 1
3340 43 9 1
3341 43 9 1
3342 43 9 1
3343 162 53 1
3344 162 53 1
3345 162 53 1
3346 162 53 1
3347 162 53 1
3348 162 53 1
3349 162 53 1
3350 162 53 1
3351 162 53 1
3352 162 53 1
3353 162 53 1
3354 162 53 1
3355 162 53 1
3356 162 53 1
3357 162 53 1
3358 162 53 1
3359 162 53 1
3360 162 53 1
3361 162 53 1
3362 162 53 1
3363 171 57 2.5
3364 171 57 2.5
3365 171 57 2.5
3366 171 57 2.5
3367 171 57 2.5
3368 171 57 2.5
3369 171 57 2.5
3370 171 57 2.5
3371 171 57 2.5
3372 171 57 2.5
3373 171 57 2.5
3374 171 57 2.5
3375 14 123 100
3376 14 123 100
3377 14 123 100
3378 125 127 1
3379 125 127 1
3380 125 127 1
3381 125 127 1
3382 125 127 1
3383 125 127 1
3384 125 127 1
3385 92 165 1
3386 92 165 1
3387 92 165 1
3388 92 165 1
3389 92 165 1
3390 92 165 1
3391 92 165 1
3392 15 125 1
3393 15 125 1
3394 15 125 1
3395 15 125 1
3396 15 125 1
3397 15 125 1
3398 15 125 1
3399 15 125 1
3400 15 125 1
3401 15 125 1
3402 15 125 1
3403 15 125 1
3404 15 125 1
3405 15 125 1
3406 15 125 1
3407 15 125 1
3408 28 105 1
3409 28 105 1
3410 28 105 1
3411 28 105 1
3412 28 105 1
3413 28 105 1
3414 28 105 1
3415 28 105 1
3416 28 105 1
3417 28 105 1
3418 28 105 1
3419 28 105 1
3420 28 105 1
3421 28 105 1
3422 28 105 1
3423 28 105 1
3424 28 105 1
3425 28 105 1
3426 28 105 1
3427 28 105 1
3428 28 105 1
3429 3 10 1
3430 3 10 1
3431 3 10 1
3432 3 10 1
3433 3 10 1
3434 64 38 100
3435 107 37 1
3436 107 37 1
3437 107 37 1
3438 107 37 1
3439 107 37 1
3440 107 37 1
3441 107 37 1
3442 107 37 1
3443 107 37 1
3444 107 37 1
3445 107 37 1
3446 2 119 10
3447 2 119 10
3448 2 119 10
3449 2 119 10
3450 2 119 10
3451 2 119 10
3452 122 17 1
3453 122 17 1
3454 122 17 1
3455 122 17 1
3456 122 17 1
3457 122 17 1
3458 122 17 1
3459 122 17 1
3460 122 17 1
3461 43 49 10
3462 43 49 10
3463 43 49 10
3464 43 49 10
3465 43 49 10
3466 43 49 10
3467 43 49 10
3468 43 49 10
3469 171 74 10
3470 171 74 10
3471 171 74 10
3472 171 74 10
3473 171 74 10
3474 171 74 10
3475 171 74 10
3476 171 74 10
3477 23 172 10
3478 23 172 10
3479 23 172 10
3480 23 172 10
3481 23 172 10
3482 23 172 10
3483 23 172 10
3484 23 172 10
3485 132 154 1
3486 132 154 1
3487 132 154 1
3488 132 154 1
3489 132 154 1
3490 132 154 1
3491 132 154 1
3492 132 154 1
3493 132 154 1
3494 132 154 1
3495 132 154 1
3496 132 154 1
3497 132 154 1
3498 132 154 1
3499 80 133 10
3500 80 133 10
3501 80 133 10
3502 80 133 10
3503 80 133 10
3504 105 146 1
3505 105 146 1
3506 105 146 1
3507 105 146 1
3508 105 146 1
3509 105 146 1
3510 105 146 1
3511 105 146 1
3512 105 146 1
3513 105 146 1
3514 105 146 1
3515 105 146 1
3516 105 146 1
3517 105 146 1
3518 105 146 1
3519 105 146 1
3520 105 146 1
3521 105 146 1
3522 105 146 1
3523 105 146 1
3524 105 146 1
3525 14 11 1
3526 14 11 1
3527 14 11 1
3528 14 11 1
3529 14 11 1
3530 14 11 1
3531 14 11 1
3532 14 11 1
3533 14 11 1
3534 14 11 1
3535 14 11 1
3536 14 11 1
3537 14 11 1
3538 14 11 1
3539 14 11 1
3540 14 11 1
3541 14 11 1
3542 14 11 1
3543 14 11 1
3544 14 11 1
3545 110 62 1
3546 110 62 1
3547 110 62 1
3548 110 62 1
3549 110 62 1
3550 110 62 1
3551 110 62 1
3552 110 62 1
3553 110 62 1
3554 110 62 1
3555 110 62 1
3556 110 62 1
3557 110 62 1
3558 110 62 1
3559 85 23 1
3560 85 23 1
3561 85 23 1
3562 85 23 1
3563 85 23 1
3564 85 23 1
3565 85 23 1
3566 85 23 1
3567 85 23 1
3568 85 23 1
3569 85 23 1
3570 85 23 1
3571 85 23 1
3572 85 23 1
3573 85 23 1
3574 85 23 1
3575 85 23 1
3576 85 23 1
3577 85 23 1
3578 85 23 1
3579 133 80 10
3580 133 80 10
3581 133 80 10
3582 22 42 2.5
3583 22 42 2.5
3584 22 42 2.5
3585 22 42 2.5
3586 22 42 2.5
3587 22 42 2.5
3588 22 42 2.5
3589 22 42 2.5
3590 22 42 2.5
3591 22 42 2.5
3592 22 42 2.5
3593 57 173 10
3594 57 173 10
3595 89 74 1
3596 89 74 1
3597 89 74 1
3598 89 74 1
3599 89 74 1
3600 89 74 1
3601 89 74 1
3602 66 133 1
3603 66 133 1
3604 66 133 1
3605 66 133 1
3606 66 133 1
3607 66 133 1
3608 66 133 1
3609 66 133 1
3610 66 133 1
3611 66 133 1
3612 66 133 1
3613 66 133 1
3614 11 133 1
3615 11 133 1
3616 11 133 1
3617 11 133 1
3618 11 133 1
3619 11 133 1
3620 11 133 1
3621 11 133 1
3622 11 133 1
3623 11 133 1
3624 11 133 1
3625 11 133 1
3626 11 133 1
3627 11 133 1
3628 11 133 1
3629 11 133 1
3630 11 133 1
3631 11 133 1
3632 11 133 1
3633 11 133 1
3634 11 133 1
3635 11 133 1
3636 79 133 10
3637 79 133 10
3638 158 28 1
3639 158 28 1
3640 158 28 1
3641 158 28 1
3642 158 28 1
3643 158 28 1
3644 158 28 1
3645 158 28 1
3646 158 28 1
3647 158 28 1
3648 158 28 1
3649 158 28 1
3650 124 82 2.5
3651 124 82 2.5
3652 124 82 2.5
3653 124 82 2.5
3654 124 82 2.5
3655 124 82 2.5
3656 166 100 2.5
3657 166 100 2.5
3658 167 144 1
3659 167 144 1
3660 167 144 1
3661 167 144 1
3662 167 144 1
3663 167 144 1
3664 167 144 1
3665 167 144 1
3666 167 144 1
3667 167 144 1
3668 167 144 1
3669 167 144 1
3670 167 144 1
3671 167 144 1
3672 167 144 1
3673 167 144 1
3674 167 144 1
3675 167 144 1
3676 167 144 1
3677 167 144 1
3678 167 144 1
3679 144 62 10
3680 144 62 10
3681 144 62 10
3682 144 62 10
3683 144 62 10
3684 144 62 10
3685 144 62 10
3686 144 62 10
3687 47 64 1
3688 47 64 1
3689 47 64 1
3690 47 64 1
3691 47 64 1
3692 47 64 1
3693 47 64 1
3694 47 64 1
3695 47 64 1
3696 47 64 1
3697 47 64 1
3698 47 64 1
3699 47 64 1
3700 47 64 1
3701 47 64 1
3702 42 27 10
3703 32 140 1
3704 32 140 1
3705 32 140 1
3706 32 140 1
3707 32 140 1
3708 32 140 1
3709 32 140 1
3710 32 140 1
3711 32 140 1
3712 32 140 1
3713 32 140 1
3714 32 140 1
3715 32 140 1
3716 32 140 1
3717 32 140 1
3718 32 140 1
3719 32 140 1
3720 32 140 1
3721 32 140 1
3722 32 140 1
3723 32 140 1
3724 32 140 1
3725 32 140 1
3726 44 80 2.5
3727 44 80 2.5
3728 75 170 100
3729 75 170 100
3730 75 170 100
3731 103 107 100
3732 87 137 10
3733 87 137 10
3734 87 137 10
3735 87 137 10
3736 87 137 10
3737 87 137 10
3738 87 137 10
3739 87 137 10
3740 87 137 10
3741 149 78 100
3742 16 33 1
3743 16 33 1
3744 16 33 1
3745 16 33 1
3746 16 33 1
3747 16 33 1
3748 16 33 1
3749 16 33 1
3750 16 33 1
3751 16 33 1
3752 16 33 1
3753 16 33 1
3754 16 33 1
3755 16 33 1
3756 16 33 1
3757 16 33 1
3758 16 33 1
3759 16 33 1
3760 16 33 1
3761 16 33 1
3762 16 33 1
3763 157 16 10
3764 157 16 10
3765 157 16 10
3766 157 16 10
3767 157 16 10
3768 157 16 10
3769 157 16 10
3770 58 98 10
3771 58 98 10
3772 58 98 10
3773 39 99 10
3774 39 99 10
3775 39 99 10
3776 39 99 10
3777 39 99 10
3778 39 99 10
3779 135 137 2.5
3780 41 44 40
3781 41 44 40
3782 143 105 2.5
3783 143 105 2.5
3784 126 103 10
3785 126 103 10
3786 126 103 10
3787 126 103 10
3788 126 103 10
3789 80 34 1
3790 80 34 1
3791 80 34 1
3792 80 34 1
3793 80 34 1
3794 80 34 1
3795 80 34 1
3796 80 34 1
3797 80 34 1
3798 80 34 1
3799 80 34 1
3800 80 34 1
3801 80 34 1
3802 80 34 1
3803 80 34 1
3804 80 34 1
3805 128 68 1
3806 128 68 1
3807 128 68 1
3808 128 68 1
3809 128 68 1
3810 128 68 1
3811 128 68 1
3812 128 68 1
3813 128 68 1
3814 128 68 1
3815 128 68 1
3816 128 68 1
3817 128 68 1
3818 128 68 1
3819 128 68 1
3820 128 68 1
3821 128 68 1
3822 128 68 1
3823 128 68 1
3824 128 68 1
3825 92 60 1
3826 92 60 1
3827 92 60 1
3828 92 60 1
3829 92 60 1
3830 92 60 1
3831 92 60 1
3832 92 60 1
3833 92 60 1
3834 92 60 1
3835 92 60 1
3836 92 60 1
3837 92 60 1
3838 92 60 1
3839 150 124 1
3840 150 124 1
3841 150 124 1
3842 150 124 1
3843 150 124 1
3844 150 124 1
3845 150 124 1
3846 150 124 1
3847 150 124 1
3848 150 124 1
3849 150 124 1
3850 150 124 1
3851 150 124 1
3852 44 43 1
3853 44 43 1
3854 44 43 1
3855 44 43 1
3856 44 43 1
3857 44 43 1
3858 44 43 1
3859 44 43 1
3860 44 43 1
3861 44 43 1
3862 44 43 1
3863 44 43 1
3864 44 43 1
3865 44 43 1
3866 44 43 1
3867 44 43 1
3868 44 43 1
3869 44 43 1
3870 14 103 2.5
3871 14 103 2.5
3872 14 103 2.5
3873 14 103 2.5
3874 14 103 2.5
3875 162 165 2.5
3876 162 165 2.5
3877 54 107 1
3878 54 107 1
3879 54 107 1
3880 54 107 1
3881 54 107 1
3882 54 107 1
3883 54 107 1
3884 54 107 1
3885 54 107 1
3886 54 107 1
3887 54 107 1
3888 54 107 1
3889 54 107 1
3890 54 107 1
3891 54 107 1
3892 54 107 1
3893 54 107 1
3894 54 107 1
3895 54 107 1
3896 54 107 1
3897 54 107 1
3898 54 107 1
3899 54 107 1
3900 8 97 1
3901 8 97 1
3902 8 97 1
3903 8 97 1
3904 8 97 1
3905 8 97 1
3906 8 97 1
3907 8 97 1
3908 8 97 1
3909 8 97 1
3910 3 124 10
3911 3 124 10
3912 3 124 10
3913 3 124 10
3914 3 124 10
3915 34 172 10
3916 34 172 10
3917 34 172 10
3918 34 172 10
3919 34 172 10
3920 34 172 10
3921 64 81 1
3922 64 81 1
3923 64 81 1
3924 64 81 1
3925 64 81 1
3926 64 81 1
3927 64 81 1
3928 64 81 1
3929 64 81 1
3930 64 81 1
3931 14 124 10
3932 14 124 10
3933 14 124 10
3934 14 124 10
3935 167 113 1
3936 167 113 1
3937 167 113 1
3938 167 113 1
3939 167 113 1
3940 167 113 1
3941 167 113 1
3942 167 113 1
3943 167 113 1
3944 167 113 1
3945 167 113 1
3946 167 113 1
3947 167 113 1
3948 167 113 1
3949 167 113 1
3950 167 113 1
3951 167 113 1
3952 167 113 1
3953 167 113 1
3954 167 113 1
3955 167 113 1
3956 6 157 10
3957 6 157 10
3958 6 157 10
3959 6 157 10
3960 98 12 1
3961 98 12 1
3962 98 12 1
3963 98 12 1
3964 98 12 1
3965 98 12 1
3966 98 12 1
3967 98 12 1
3968 98 12 1
3969 98 12 1
3970 98 12 1
3971 98 12 1
3972 98 12 1
3973 98 12 1
3974 98 12 1
3975 98 12 1
3976 98 12 1
3977 98 12 1
3978 98 12 1
3979 117 78 2.5
3980 117 78 2.5
3981 117 78 2.5
3982 117 139 1
3983 117 139 1
3984 117 139 1
3985 117 139 1
3986 117 139 1
3987 117 139 1
3988 117 139 1
3989 117 139 1
3990 117 139 1
3991 117 139 1
3992 117 139 1
3993 117 139 1
3994 117 139 1
3995 117 139 1
3996 117 139 1
3997 117 139 1
3998 39 110 1
3999 39 110 1
4000 39 110 1
4001 39 110 1
4002 39 110 1
4003 39 110 1
4004 39 110 1
4005 39 110 1
4006 39 110 1
4007 39 110 1
4008 39 110 1
4009 39 110 1
4010 39 110 1
4011 151 48 2.5
4012 151 48 2.5
4013 151 48 2.5
4014 151 48 2.5
4015 151 48 2.5
4016 151 48 2.5
4017 151 48 2.5
4018 151 48 2.5
4019 99 116 1
4020 99 116 1
4021 99 116 1
4022 99 116 1
4023 99 116 1
4024 130 84 10
4025 130 84 10
4026 130 84 10
4027 130 84 10
4028 109 158 10
4029 109 158 10
4030 109 158 10
4031 109 158 10
4032 59 119 2.5
4033 59 119 2.5
4034 59 119 2.5
4035 59 119 2.5
4036 59 119 2.5
4037 59 119 2.5
4038 59 119 2.5
4039 59 119 2.5
4040 59 119 2.5
4041 59 119 2.5
4042 32 4 1
4043 32 4 1
4044 32 4 1
4045 32 4 1
4046 32 4 1
4047 32 4 1
4048 32 4 1
4049 32 4 1
4050 32 4 1
4051 32 4 1
4052 32 4 1
4053 32 4 1
4054 32 4 1
4055 32 4 1
4056 32 4 1
4057 32 4 1
4058 32 4 1
4059 32 4 1
4060 105 148 1
4061 105 148 1
4062 105 148 1
4063 105 148 1
4064 105 148 1
4065 105 148 1
4066 105 148 1
4067 105 148 1
4068 105 148 1
4069 105 148 1
4070 105 148 1
4071 105 148 1
4072 105 148 1
4073 105 148 1
4074 105 148 1
4075 21 165 2.5
4076 21 165 2.5
4077 98 5 1
4078 98 5 1
4079 98 5 1
4080 98 5 1
4081 98 5 1
4082 98 5 1
4083 98 5 1
4084 98 5 1
4085 98 5 1
4086 98 5 1
4087 67 27 1
4088 67 27 1
4089 67 27 1
4090 67 27 1
4091 67 27 1
4092 67 27 1
4093 67 27 1
4094 67 27 1
4095 67 27 1
4096 67 27 1
4097 67 27 1
4098 67 27 1
4099 33 52 1
4100 33 52 1
4101 33 52 1
4102 33 52 1
4103 33 52 1
4104 33 52 1
4105 93 160 2.5
4106 93 160 2.5
4107 93 160 2.5
4108 93 160 2.5
4109 93 160 2.5
4110 93 160 2.5
4111 93 160 2.5
4112 93 160 2.5
4113 93 160 2.5
4114 93 160 2.5
4115 93 160 2.5
4116 41 116 10
4117 41 116 10
4118 2 126 1
4119 2 126 1
4120 2 126 1
4121 2 126 1
4122 2 126 1
4123 2 126 1
4124 2 126 1
4125 2 126 1
4126 2 126 1
4127 2 126 1
4128 2 126 1
4129 2 126 1
4130 2 126 1
4131 2 126 1
4132 2 126 1
4133 114 7 10
4134 171 97 10
4135 171 97 10
4136 171 97 10
4137 171 97 10
4138 171 97 10
4139 142 94 1
4140 142 94 1
4141 142 94 1
4142 142 94 1
4143 142 94 1
4144 142 94 1
4145 142 94 1
4146 142 94 1
4147 142 94 1
4148 142 94 1
4149 142 94 1
4150 15 151 100
4151 15 151 100
4152 84 104 1
4153 84 104 1
4154 84 104 1
4155 84 104 1
4156 84 104 1
4157 84 104 1
4158 84 104 1
4159 84 104 1
4160 84 104 1
4161 84 104 1
4162 84 104 1
4163 84 104 1
4164 84 104 1
4165 84 104 1
4166 84 104 1
4167 84 104 1
4168 84 104 1
4169 84 104 1
4170 128 151 1
4171 128 151 1
4172 128 151 1
4173 128 151 1
4174 128 151 1
4175 128 151 1
4176 128 151 1
4177 128 151 1
4178 128 151 1
4179 128 151 1
4180 128 151 1
4181 128 151 1
4182 128 151 1
4183 128 151 1
4184 128 151 1
4185 128 151 1
4186 128 151 1
4187 128 151 1
4188 128 151 1
4189 128 151 1
4190 128 151 1
4191 128 151 1
4192 128 72 2.5
4193 128 72 2.5
4194 128 72 2.5
4195 128 72 2.5
4196 128 72 2.5
4197 128 72 2.5
4198 128 72 2.5
4199 128 72 2.5
4200 128 72 2.5
4201 128 72 2.5
4202 128 72 2.5
4203 128 72 2.5
4204 153 82 1
4205 153 82 1
4206 153 82 1
4207 153 82 1
4208 153 82 1
4209 153 82 1
4210 153 82 1
4211 153 82 1
4212 153 82 1
4213 153 82 1
4214 153 82 1
4215 153 82 1
4216 153 82 1
4217 153 82 1
4218 153 82 1
4219 153 82 1
4220 153 82 1
4221 153 82 1
4222 153 82 1
4223 95 53 1
4224 95 53 1
4225 95 53 1
4226 95 53 1
4227 95 53 1
4228 95 53 1
4229 95 53 1
4230 95 53 1
4231 95 53 1
4232 95 53 1
4233 95 53 1
4234 95 53 1
4235 95 53 1
4236 95 53 1
4237 95 53 1
4238 95 53 1
4239 95 53 1
4240 95 53 1
4241 95 53 1
4242 95 53 1
4243 95 53 1
4244 84 77 2.5
4245 84 77 2.5
4246 84 77 2.5
4247 84 77 2.5
4248 84 77 2.5
4249 84 77 2.5
4250 84 77 2.5
4251 84 77 2.5
4252 84 77 2.5
4253 84 77 2.5
4254 84 77 2.5
4255 84 77 2.5
4256 150 14 1
4257 150 14 1
4258 150 14 1
4259 150 14 1
4260 150 14 1
4261 150 14 1
4262 150 14 1
4263 150 14 1
4264 150 14 1
4265 150 14 1
4266 150 14 1
4267 150 14 1
4268 150 14 1
4269 150 14 1
4270 150 14 1
4271 150 14 1
4272 150 14 1
4273 150 14 1
4274 150 14 1
4275 150 14 1
4276 150 14 1
4277 150 14 1
4278 99 140 1
4279 99 140 1
4280 99 140 1
4281 99 140 1
4282 99 140 1
4283 99 140 1
4284 99 140 1
4285 99 140 1
4286 99 140 1
4287 99 140 1
4288 78 47 10
4289 78 47 10
4290 78 47 10
4291 78 47 10
4292 78 47 10
4293 78 47 10
4294 78 47 10
4295 78 47 10
4296 78 47 10
4297 154 69 1
4298 154 69 1
4299 154 69 1
4300 154 69 1
4301 154 69 1
4302 154 69 1
4303 154 69 1
4304 154 69 1
4305 154 69 1
4306 154 69 1
4307 154 69 1
4308 154 69 1
4309 154 69 1
4310 154 69 1
4311 154 69 1
4312 154 69 1
4313 154 69 1
4314 154 69 1
4315 154 69 1
4316 95 174 1
4317 95 174 1
4318 95 174 1
4319 95 174 1
4320 95 174 1
4321 95 174 1
4322 95 174 1
4323 95 174 1
4324 95 174 1
4325 95 174 1
4326 95 174 1
4327 95 174 1
4328 95 174 1
4329 95 174 1
4330 95 174 1
4331 95 174 1
4332 95 174 1
4333 85 55 1
4334 85 55 1
4335 85 55 1
4336 85 55 1
4337 85 55 1
4338 85 55 1
4339 85 55 1
4340 85 55 1
4341 85 55 1
4342 85 55 1
4343 85 55 1
4344 85 55 1
4345 85 55 1
4346 85 55 1
4347 85 55 1
4348 85 55 1
4349 85 55 1
4350 85 55 1
4351 85 55 1
4352 85 55 1
4353 85 55 1
4354 121 123 1
4355 121 123 1
4356 121 123 1
4357 121 123 1
4358 121 123 1
4359 121 123 1
4360 121 123 1
4361 121 123 1
4362 68 131 1
4363 68 131 1
4364 68 131 1
4365 68 131 1
4366 68 131 1
4367 68 131 1
4368 68 131 1
4369 68 131 1
4370 68 131 1
4371 49 39 1
4372 49 39 1
4373 49 39 1
4374 49 39 1
4375 49 39 1
4376 49 39 1
4377 49 39 1
4378 91 12 1
4379 91 12 1
4380 91 12 1
4381 91 12 1
4382 91 12 1
4383 91 12 1
4384 91 12 1
4385 91 12 1
4386 91 12 1
4387 172 87 1
4388 172 87 1
4389 172 87 1
4390 172 87 1
4391 172 87 1
4392 172 87 1
4393 172 87 1
4394 172 87 1
4395 43 52 1
4396 43 52 1
4397 43 52 1
4398 43 52 1
4399 43 52 1
4400 43 52 1
4401 43 52 1
4402 43 52 1
4403 43 52 1
4404 144 27 10
4405 144 27 10
4406 144 27 10
4407 10 60 100
4408 10 60 100
4409 10 60 100
4410 50 89 10
4411 50 89 10
4412 155 113 1
4413 155 113 1
4414 155 113 1
4415 155 113 1
4416 155 113 1
4417 72 164 1
4418 72 164 1
4419 72 164 1
4420 72 164 1
4421 72 164 1
4422 72 164 1
4423 72 164 1
4424 72 164 1
4425 72 164 1
4426 72 164 1
4427 72 164 1
4428 72 164 1
4429 72 164 1
4430 141 114 10
4431 141 114 10
4432 141 114 10
4433 141 114 10
4434 36 107 2.5
4435 36 107 2.5
4436 36 107 2.5
4437 36 107 2.5
4438 36 107 2.5
4439 36 107 2.5
4440 36 107 2.5
4441 36 107 2.5
4442 83 25 10
4443 83 25 10
4444 83 25 10
4445 83 25 10
4446 83 25 10
4447 83 25 10
4448 83 25 10
4449 83 25 10
4450 83 25 10
4451 133 51 10
4452 133 51 10
4453 133 51 10
4454 133 51 10
4455 133 51 10
4456 133 51 10
4457 88 94 10
4458 88 94 10
4459 88 94 10
4460 88 94 10
4461 88 94 10
4462 88 94 10
4463 88 94 10
4464 88 94 10
4465 60 119 1
4466 60 119 1
4467 60 119 1
4468 60 119 1
4469 60 119 1
4470 60 119 1
4471 60 119 1
4472 60 119 1
4473 60 119 1
4474 60 119 1
4475 60 119 1
4476 60 119 1
4477 60 119 1
4478 60 119 1
4479 60 119 1
4480 60 119 1
4481 60 119 1
4482 60 119 1
4483 60 119 1
4484 60 119 1
4485 60 119 1
4486 60 119 1
4487 149 57 1
4488 149 57 1
4489 149 57 1
4490 149 57 1
4491 149 57 1
4492 149 57 1
4493 149 57 1
4494 149 57 1
4495 149 57 1
4496 149 57 1
4497 149 57 1
4498 149 57 1
4499 149 57 1
4500 149 57 1
4501 149 57 1
4502 149 57 1
4503 149 57 1
4504 149 57 1
4505 149 57 1
4506 149 57 1
4507 149 57 1
4508 112 159 1
4509 112 159 1
4510 112 159 1
4511 112 159 1
4512 112 159 1
4513 112 159 1
4514 136 145 1
4515 136 145 1
4516 136 145 1
4517 136 145 1
4518 136 145 1
4519 136 145 1
4520 136 145 1
4521 136 145 1
4522 136 145 1
4523 136 145 1
4524 136 145 1
4525 136 145 1
4526 136 145 1
4527 136 145 1
4528 136 145 1
4529 136 145 1
4530 136 145 1
4531 136 145 1
4532 136 145 1
4533 136 145 1
4534 136 145 1
4535 136 145 1
4536 136 145 1
4537 138 93 10
4538 74 107 10
4539 41 35 1
4540 41 35 1
4541 41 35 1
4542 41 35 1
4543 41 35 1
4544 41 35 1
4545 41 35 1
4546 41 35 1
4547 41 35 1
4548 41 35 1
4549 41 35 1
4550 41 35 1
4551 41 35 1
4552 41 35 1
4553 41 35 1
4554 41 35 1
4555 107 162 1
4556 107 162 1
4557 107 162 1
4558 107 162 1
4559 107 162 1
4560 107 162 1
4561 107 162 1
4562 107 162 1
4563 107 162 1
4564 107 162 1
4565 107 162 1
4566 107 162 1
4567 13 46 40
4568 32 120 10
4569 162 37 2.5
4570 162 37 2.5
4571 162 37 2.5
4572 59 41 1
4573 59 41 1
4574 59 41 1
4575 59 41 1
4576 59 41 1
4577 59 41 1
4578 59 41 1
4579 59 41 1
4580 59 41 1
4581 59 41 1
4582 59 41 1
4583 59 41 1
4584 90 148 1
4585 90 148 1
4586 90 148 1
4587 90 148 1
4588 90 148 1
4589 90 148 1
4590 90 148 1
4591 90 148 1
4592 90 148 1
4593 90 148 1
4594 90 148 1
4595 90 148 1
4596 90 148 1
4597 144 49 2.5
4598 13 12 1
4599 13 12 1
4600 13 12 1
4601 13 12 1
4602 13 12 1
4603 13 12 1
4604 13 12 1
4605 13 12 1
4606 13 12 1
4607 13 12 1
4608 13 12 1
4609 13 12 1
4610 13 12 1
4611 13 12 1
4612 18 127 1
4613 18 127 1
4614 18 127 1
4615 18 127 1
4616 18 127 1
4617 18 127 1
4618 18 127 1
4619 18 127 1
4620 72 158 2.5
4621 72 158 2.5
4622 72 158 2.5
4623 72 158 2.5
4624 72 158 2.5
4625 72 158 2.5
4626 72 158 2.5
4627 72 158 2.5
4628 72 158 2.5
4629 72 158 2.5
4630 72 158 2.5
4631 109 101 10
4632 109 101 10
4633 88 77 10
4634 88 77 10
4635 88 77 10
4636 88 77 10
4637 88 77 10
4638 88 77 10
4639 132 11 10
4640 132 11 10
4641 132 11 10
4642 132 11 10
4643 132 11 10
4644 132 11 10
4645 132 11 10
4646 48 1 10
4647 48 1 10
4648 48 1 10
4649 48 1 10
4650 48 1 10
4651 48 1 10
4652 48 1 10
4653 16 171 1
4654 16 171 1
4655 16 171 1
4656 16 171 1
4657 16 171 1
4658 16 171 1
4659 16 171 1
4660 16 171 1
4661 16 171 1
4662 16 171 1
4663 16 171 1
4664 16 171 1
4665 13 6 1
4666 13 6 1
4667 13 6 1
4668 13 6 1
4669 13 6 1
4670 13 6 1
4671 13 6 1
4672 13 6 1
4673 13 6 1
4674 13 6 1
4675 13 6 1
4676 13 6 1
4677 13 6 1
4678 13 6 1
4679 13 6 1
4680 13 6 1
4681 13 6 1
4682 53 167 1
4683 53 167 1
4684 53 167 1
4685 53 167 1
4686 53 167 1
4687 53 167 1
4688 53 167 1
4689 53 167 1
4690 53 167 1
4691 53 167 1
4692 53 167 1
4693 53 167 1
4694 53 167 1
4695 53 167 1
4696 53 167 1
4697 53 167 1
4698 53 167 1
4699 53 167 1
4700 49 36 1
4701 49 36 1
4702 49 36 1
4703 49 36 1
4704 49 36 1
4705 49 36 1
4706 49 36 1
4707 49 36 1
4708 49 36 1
4709 49 36 1
4710 73 78 2.5
4711 73 78 2.5
4712 73 78 2.5
4713 73 78 2.5
4714 73 78 2.5
4715 73 78 2.5
4716 73 78 2.5
4717 73 78 2.5
4718 73 78 2.5
4719 73 78 2.5
4720 93 142 1
4721 93 142 1
4722 93 142 1
4723 93 142 1
4724 93 142 1
4725 93 142 1
4726 93 142 1
4727 93 142 1
4728 93 142 1
4729 93 142 1
4730 93 142 1
4731 93 142 1
4732 93 142 1
4733 93 142 1
4734 93 142 1
4735 93 142 1
4736 93 142 1
4737 93 142 1
4738 93 142 1
4739 93 142 1
4740 93 142 1
4741 93 142 1
4742 93 142 1
4743 84 103 10
4744 84 103 10
4745 84 103 10
4746 84 103 10
4747 84 103 10
4748 102 36 2.5
4749 102 36 2.5
4750 102 36 2.5
4751 102 36 2.5
4752 102 36 2.5
4753 67 1 10
4754 67 1 10
4755 67 1 10
4756 67 1 10
4757 67 1 10
4758 67 1 10
4759 67 1 10
4760 72 61 10
4761 72 61 10
4762 72 61 10
4763 72 61 10
4764 72 61 10
4765 72 61 10
4766 56 174 10
4767 56 174 10
4768 56 174 10
4769 56 174 10
4770 56 174 10
4771 56 174 10
4772 56 174 10
4773 56 174 10
4774 90 116 1
4775 90 116 1
4776 90 116 1
4777 90 116 1
4778 90 116 1
4779 90 116 1
4780 90 116 1
4781 90 116 1
4782 90 116 1
4783 90 116 1
4784 90 116 1
4785 90 116 1
4786 90 116 1
4787 90 116 1
4788 90 116 1
4789 90 116 1
4790 90 116 1
4791 8 41 1
4792 8 41 1
4793 8 41 1
4794 8 41 1
4795 8 41 1
4796 8 41 1
4797 8 41 1
4798 8 41 1
4799 156 42 1
4800 156 42 1
4801 156 42 1
4802 156 42 1
4803 156 42 1
4804 156 42 1
4805 156 42 1
4806 156 42 1
4807 156 42 1
4808 156 42 1
4809 156 42 1
4810 156 42 1
4811 156 42 1
4812 156 42 1
