4812
1 19 37 1
2 19 37 1
3 19 37 1
4 19 37 1
5 19 37 1
6 19 37 1
7 19 37 1
8 19 37 1
9 19 37 1
10 19 37 1
11 19 37 1
12 19 37 1
13 19 37 1
14 19 37 1
15 8 114 100
16 8 114 100
17 8 114 100
18 28 60 1
19 28 60 1
20 28 60 1
21 28 60 1
22 28 60 1
23 28 60 1
24 28 60 1
25 28 60 1
26 28 60 1
27 28 60 1
28 28 60 1
29 28 60 1
30 28 60 1
31 28 60 1
32 28 60 1
33 136 74 10
34 136 74 10
35 136 74 10
36 136 74 10
37 9 114 1
38 9 114 1
39 9 114 1
40 9 114 1
41 9 114 1
42 9 114 1
43 9 114 1
44 9 114 1
45 9 114 1
46 9 114 1
47 9 114 1
48 9 114 1
49 9 114 1
50 9 114 1
51 9 114 1
52 9 114 1
53 9 114 1
54 9 114 1
55 46 73 2.5
56 46 73 2.5
57 46 73 2.5
58 46 73 2.5
59 46 73 2.5
60 46 73 2.5
61 46 73 2.5
62 46 73 2.5
63 46 73 2.5
64 46 73 2.5
65 46 73 2.5
66 46 73 2.5
67 97 17 1
68 97 17 1
69 97 17 1
70 97 17 1
71 97 17 1
72 97 17 1
73 97 17 1
74 97 17 1
75 97 17 1
76 97 17 1
77 97 17 1
78 97 17 1
79 97 17 1
80 97 17 1
81 97 17 1
82 97 17 1
83 97 17 1
84 97 17 1
85 97 17 1
86 97 17 1
87 162 90 2.5
88 162 90 2.5
89 162 90 2.5
90 162 90 2.5
91 162 90 2.5
92 162 90 2.5
93 128 140 2.5
94 128 140 2.5
95 128 140 2.5
96 128 140 2.5
97 128 140 2.5
98 128 140 2.5
99 128 140 2.5
100 128 140 2.5
101 128 140 2.5
102 128 140 2.5
103 128 140 2.5
104 128 140 2.5
105 171 68 10
106 171 68 10
107 156 46 10
108 156 46 10
109 149 34 1
110 149 34 1
111 149 34 1
112 149 34 1
113 149 34 1
114 149 34 1
115 149 34 1
116 149 34 1
117 149 34 1
118 149 34 1
119 149 34 1
120 23 88 1
121 23 88 1
122 23 88 1
123 23 88 1
124 23 88 1
125 23 88 1
126 23 88 1
127 23 88 1
128 23 88 1
129 23 88 1
130 23 88 1
131 23 88 1
132 23 88 1
133 23 88 1
134 23 88 1
135 23 88 1
136 23 88 1
137 23 88 1
138 146 105 1
139 146 105 1
140 146 105 1
141 146 105 1
142 146 105 1
143 146 105 1
144 146 105 1
145 146 105 1
146 146 105 1
147 146 105 1
148 146 105 1
149 146 105 1
150 51 107 2.5
151 51 107 2.5
152 51 107 2.5
153 75 114 1
154 75 114 1
155 75 114 1
156 75 114 1
157 75 114 1
158 75 114 1
159 75 114 1
160 75 114 1
161 44 171 2.5
162 22 91 2.5
163 22 91 2.5
164 22 91 2.5
165 22 91 2.5
166 22 91 2.5
167 22 91 2.5
168 22 91 2.5
169 22 91 2.5
170 22 91 2.5
171 22 91 2.5
172 22 91 2.5
173 135 138 1
174 135 138 1
175 135 138 1
176 135 138 1
177 135 138 1
178 135 138 1
179 4 169 10
180 4 169 10
181 4 169 10
182 4 169 10
183 4 169 10
184 4 169 10
185 10 83 2.5
186 10 83 2.5
187 10 83 2.5
188 10 83 2.5
189 10 83 2.5
190 10 83 2.5
191 10 83 2.5
192 10 83 2.5
193 35 29 1
194 35 29 1
195 35 29 1
196 35 29 1
197 35 29 1
198 35 29 1
199 35 29 1
200 35 29 1
201 35 29 1
202 35 29 1
203 35 29 1
204 35 29 1
205 35 29 1
206 35 29 1
207 35 29 1
208 35 29 1
209 35 29 1
210 35 29 1
211 35 29 1
212 35 29 1
213 35 29 1
214 35 29 1
215 75 22 1
216 75 22 1
217 75 22 1
218 75 22 1
219 75 22 1
220 75 22 1
221 75 22 1
222 75 22 1
223 75 22 1
224 75 22 1
225 75 22 1
226 75 22 1
227 75 22 1
228 75 22 1
229 167 62 1
230 167 62 1
231 167 62 1
232 167 62 1
233 167 62 1
234 167 62 1
235 167 62 1
236 167 62 1
237 167 62 1
238 167 62 1
239 167 62 1
240 167 62 1
241 167 62 1
242 167 62 1
243 167 62 1
244 167 62 1
245 167 62 1
246 167 62 1
247 167 62 1
248 167 62 1
249 103 60 1
250 103 60 1
251 103 60 1
252 103 60 1
253 103 60 1
254 103 60 1
255 103 60 1
256 103 60 1
257 103 60 1
258 1 151 1
259 1 151 1
260 1 151 1
261 1 151 1
262 1 151 1
263 1 151 1
264 1 151 1
265 1 151 1
266 1 151 1
267 1 151 1
268 1 151 1
269 1 151 1
270 1 151 1
271 1 151 1
272 77 169 2.5
273 77 169 2.5
274 77 169 2.5
275 77 169 2.5
276 77 169 2.5
277 103 167 1
278 103 167 1
279 103 167 1
280 103 167 1
281 103 167 1
282 103 167 1
283 103 167 1
284 103 167 1
285 103 167 1
286 103 167 1
287 103 167 1
288 84 102 2.5
289 135 71 10
290 135 71 10
291 135 71 10
292 135 71 10
293 135 71 10
294 135 71 10
295 135 71 10
296 135 71 10
297 73 157 10
298 73 157 10
299 73 157 10
300 14 115 2.5
301 14 115 2.5
302 131 48 10
303 131 48 10
304 131 48 10
305 131 48 10
306 112 78 2.5
307 112 78 2.5
308 112 78 2.5
309 112 78 2.5
310 112 78 2.5
311 12 83 2.5
312 12 83 2.5
313 12 83 2.5
314 12 83 2.5
315 12 83 2.5
316 12 83 2.5
317 18 115 2.5
318 18 115 2.5
319 18 115 2.5
320 18 115 2.5
321 18 115 2.5
322 18 115 2.5
323 18 115 2.5
324 18 115 2.5
325 18 115 2.5
326 102 130 1
327 102 130 1
328 102 130 1
329 102 130 1
330 102 130 1
331 102 130 1
332 102 130 1
333 102 130 1
334 102 130 1
335 102 130 1
336 102 130 1
337 102 130 1
338 102 130 1
339 102 130 1
340 102 130 1
341 102 130 1
342 102 130 1
343 102 130 1
344 102 130 1
345 23 48 10
346 23 48 10
347 23 48 10
348 23 48 10
349 73 37 10
350 73 37 10
351 73 37 10
352 73 37 10
353 73 37 10
354 73 37 10
355 73 37 10
356 73 37 10
357 73 37 10
358 65 97 2.5
359 118 93 1
360 118 93 1
361 118 93 1
362 118 93 1
363 118 93 1
364 118 93 1
365 118 93 1
366 118 93 1
367 118 93 1
368 118 93 1
369 118 93 1
370 118 93 1
371 118 93 1
372 118 93 1
373 118 93 1
374 118 93 1
375 118 93 1
376 118 93 1
377 118 93 1
378 118 93 1
379 118 93 1
380 118 93 1
381 35 114 10
382 35 114 10
383 35 114 10
384 35 114 10
385 35 114 10
386 35 114 10
387 35 114 10
388 35 114 10
389 156 22 1
390 156 22 1
391 156 22 1
392 156 22 1
393 156 22 1
394 156 22 1
395 156 22 1
396 156 22 1
397 156 22 1
398 156 22 1
399 156 22 1
400 156 22 1
401 156 22 1
402 156 22 1
403 156 22 1
404 56 62 40
405 56 62 40
406 56 62 40
407 56 62 40
408 18 78 1
409 18 78 1
410 18 78 1
411 18 78 1
412 18 78 1
413 18 78 1
414 18 78 1
415 18 78 1
416 18 78 1
417 18 78 1
418 18 78 1
419 18 78 1
420 18 78 1
421 18 78 1
422 18 78 1
423 72 51 1
424 72 51 1
425 72 51 1
426 72 51 1
427 72 51 1
428 72 51 1
429 72 51 1
430 72 51 1
431 72 51 1
432 72 51 1
433 72 51 1
434 66 33 2.5
435 66 33 2.5
436 66 33 2.5
437 66 33 2.5
438 66 33 2.5
439 66 33 2.5
440 66 33 2.5
441 66 33 2.5
442 66 33 2.5
443 66 33 2.5
444 66 33 2.5
445 66 33 2.5
446 101 28 10
447 57 109 1
448 57 109 1
449 57 109 1
450 57 109 1
451 57 109 1
452 57 109 1
453 57 109 1
454 57 109 1
455 57 109 1
456 57 109 1
457 57 109 1
458 16 104 1
459 16 104 1
460 16 104 1
461 16 104 1
462 16 104 1
463 16 104 1
464 16 104 1
465 16 104 1
466 16 104 1
467 16 104 1
468 16 104 1
469 16 104 1
470 16 104 1
471 102 89 2.5
472 102 89 2.5
473 102 89 2.5
474 102 89 2.5
475 21 70 1
476 21 70 1
477 21 70 1
478 21 70 1
479 21 70 1
480 21 70 1
481 21 70 1
482 21 70 1
483 21 70 1
484 21 70 1
485 21 70 1
486 21 70 1
487 21 70 1
488 21 70 1
489 144 22 10
490 144 22 10
491 53 7 1
492 53 7 1
493 53 7 1
494 53 7 1
495 53 7 1
496 53 7 1
497 53 7 1
498 53 7 1
499 53 7 1
500 53 7 1
501 53 7 1
502 53 7 1
503 53 7 1
504 53 7 1
505 62 166 2.5
506 62 166 2.5
507 62 166 2.5
508 62 166 2.5
509 62 166 2.5
510 62 166 2.5
511 62 166 2.5
512 62 166 2.5
513 127 48 1
514 127 48 1
515 127 48 1
516 127 48 1
517 127 48 1
518 127 48 1
519 127 48 1
520 127 48 1
521 127 48 1
522 49 72 2.5
523 49 72 2.5
524 49 72 2.5
525 117 131 1
526 117 131 1
527 117 131 1
528 117 131 1
529 117 131 1
530 117 131 1
531 117 131 1
532 117 131 1
533 117 131 1
534 117 131 1
535 117 131 1
536 117 131 1
537 117 131 1
538 19 9 10
539 19 9 10
540 19 9 10
541 10 106 1
542 10 106 1
543 10 106 1
544 10 106 1
545 10 106 1
546 10 106 1
547 10 106 1
548 10 106 1
549 10 106 1
550 10 106 1
551 10 106 1
552 10 106 1
553 10 106 1
554 10 106 1
555 10 106 1
556 10 106 1
557 111 168 1
558 111 168 1
559 111 168 1
560 111 168 1
561 111 168 1
562 111 168 1
563 111 168 1
564 111 168 1
565 111 168 1
566 111 168 1
567 111 168 1
568 111 168 1
569 111 168 1
570 111 168 1
571 111 168 1
572 111 168 1
573 111 168 1
574 111 168 1
575 111 168 1
576 134 171 1
577 134 171 1
578 134 171 1
579 134 171 1
580 134 171 1
581 134 171 1
582 134 171 1
583 49 107 10
584 49 107 10
585 127 156 10
586 127 156 10
587 127 156 10
588 127 156 10
589 127 156 10
590 127 156 10
591 127 156 10
592 127 156 10
593 127 156 10
594 127 156 10
595 28 51 10
596 28 51 10
597 143 110 1
598 143 110 1
599 143 110 1
600 143 110 1
601 143 110 1
602 143 110 1
603 143 110 1
604 143 110 1
605 143 110 1
606 143 110 1
607 143 110 1
608 143 110 1
609 143 110 1
610 143 110 1
611 143 110 1
612 143 110 1
613 29 166 2.5
614 29 166 2.5
615 29 166 2.5
616 29 166 2.5
617 29 166 2.5
618 29 166 2.5
619 29 166 2.5
620 29 166 2.5
621 29 166 2.5
622 29 166 2.5
623 29 166 2.5
624 126 166 1
625 126 166 1
626 126 166 1
627 126 166 1
628 126 166 1
629 126 166 1
630 62 46 10
631 62 46 10
632 62 46 10
633 62 46 10
634 62 46 10
635 62 46 10
636 113 22 1
637 113 22 1
638 113 22 1
639 113 22 1
640 113 22 1
641 113 22 1
642 113 22 1
643 113 22 1
644 113 22 1
645 113 22 1
646 113 22 1
647 113 22 1
648 113 22 1
649 113 22 1
650 113 22 1
651 113 22 1
652 113 22 1
653 113 22 1
654 113 22 1
655 33 83 1
656 33 83 1
657 33 83 1
658 33 83 1
659 33 83 1
660 33 83 1
661 33 83 1
662 33 83 1
663 33 83 1
664 33 83 1
665 33 83 1
666 33 83 1
667 33 83 1
668 33 83 1
669 33 83 1
670 56 173 2.5
671 56 173 2.5
672 56 173 2.5
673 56 173 2.5
674 56 173 2.5
675 56 173 2.5
676 56 173 2.5
677 56 173 2.5
678 141 113 10
679 141 113 10
680 141 113 10
681 141 113 10
682 141 113 10
683 122 117 2.5
684 122 117 2.5
685 122 117 2.5
686 122 117 2.5
687 122 117 2.5
688 122 117 2.5
689 122 117 2.5
690 122 117 2.5
691 122 117 2.5
692 122 117 2.5
693 122 117 2.5
694 122 117 2.5
695 19 27 10
696 19 27 10
697 19 27 10
698 19 27 10
699 19 27 10
700 19 27 10
701 19 27 10
702 19 27 10
703 19 27 10
704 19 27 10
705 108 23 10
706 108 23 10
707 108 23 10
708 108 23 10
709 108 23 10
710 108 23 10
711 108 23 10
712 108 23 10
713 105 8 1
714 105 8 1
715 105 8 1
716 105 8 1
717 105 8 1
718 105 8 1
719 105 8 1
720 105 8 1
721 105 8 1
722 105 8 1
723 76 125 1
724 76 125 1
725 76 125 1
726 76 125 1
727 76 125 1
728 76 125 1
729 115 2 10
730 115 2 10
731 115 2 10
732 115 2 10
733 40 19 1
734 40 19 1
735 40 19 1
736 40 19 1
737 40 19 1
738 40 19 1
739 40 19 1
740 20 86 10
741 20 86 10
742 20 86 10
743 20 86 10
744 20 86 10
745 20 86 10
746 90 40 10
747 90 40 10
748 90 40 10
749 90 40 10
750 151 142 1
751 151 142 1
752 151 142 1
753 151 142 1
754 151 142 1
755 151 142 1
756 151 142 1
757 151 142 1
758 151 142 1
759 151 142 1
760 151 142 1
761 151 142 1
762 11 26 2.5
763 11 26 2.5
764 11 26 2.5
765 10 138 1
766 10 138 1
767 10 138 1
768 10 138 1
769 10 138 1
770 10 138 1
771 169 90 1
772 169 90 1
773 169 90 1
774 169 90 1
775 169 90 1
776 169 90 1
777 169 90 1
778 169 90 1
779 169 90 1
780 169 90 1
781 169 90 1
782 169 90 1
783 169 90 1
784 169 90 1
785 169 90 1
786 169 90 1
787 169 90 1
788 169 90 1
789 169 90 1
790 169 90 1
791 136 88 10
792 136 88 10
793 136 88 10
794 136 88 10
795 136 88 10
796 168 88 1
797 168 88 1
798 168 88 1
799 168 88 1
800 168 88 1
801 168 88 1
802 168 88 1
803 168 88 1
804 71 39 2.5
805 71 39 2.5
806 71 39 2.5
807 29 135 10
808 29 135 10
809 29 135 10
810 29 135 10
811 29 135 10
812 29 135 10
813 29 135 10
814 29 135 10
815 29 135 10
816 63 75 1
817 63 75 1
818 63 75 1
819 63 75 1
820 63 75 1
821 63 75 1
822 63 75 1
823 63 75 1
824 63 75 1
825 63 75 1
826 156 66 2.5
827 156 66 2.5
828 156 66 2.5
829 156 66 2.5
830 156 66 2.5
831 156 66 2.5
832 156 66 2.5
833 156 66 2.5
834 156 66 2.5
835 156 66 2.5
836 156 66 2.5
837 156 66 2.5
838 36 80 10
839 36 80 10
840 36 80 10
841 36 80 10
842 133 154 1
843 133 154 1
844 133 154 1
845 133 154 1
846 133 154 1
847 133 154 1
848 133 154 1
849 133 154 1
850 133 154 1
851 133 154 1
852 133 154 1
853 133 154 1
854 133 154 1
855 133 154 1
856 133 154 1
857 133 154 1
858 133 154 1
859 75 30 1
860 75 30 1
861 75 30 1
862 75 30 1
863 75 30 1
864 75 30 1
865 75 30 1
866 75 30 1
867 75 30 1
868 75 30 1
869 75 30 1
870 75 30 1
871 75 30 1
872 75 30 1
873 75 30 1
874 75 30 1
875 75 30 1
876 75 30 1
877 75 30 1
878 75 30 1
879 75 30 1
880 131 84 1
881 131 84 1
882 131 84 1
883 131 84 1
884 131 84 1
885 131 84 1
886 104 109 1
887 104 109 1
888 104 109 1
889 104 109 1
890 104 109 1
891 104 109 1
892 104 109 1
893 104 109 1
894 104 109 1
895 104 109 1
896 104 109 1
897 49 78 2.5
898 49 78 2.5
899 49 78 2.5
900 49 78 2.5
901 49 78 2.5
902 49 78 2.5
903 49 78 2.5
904 49 78 2.5
905 49 78 2.5
906 49 78 2.5
907 49 78 2.5
908 49 78 2.5
909 92 159 10
910 92 159 10
911 92 159 10
912 92 159 10
913 92 159 10
914 92 159 10
915 92 159 10
916 92 159 10
917 119 156 1
918 119 156 1
919 119 156 1
920 119 156 1
921 119 156 1
922 119 156 1
923 119 156 1
924 119 156 1
925 119 156 1
926 119 156 1
927 119 156 1
928 119 156 1
929 119 156 1
930 119 156 1
931 119 156 1
932 119 156 1
933 119 156 1
934 119 156 1
935 119 156 1
936 119 156 1
937 119 156 1
938 120 140 1
939 120 140 1
940 120 140 1
941 120 140 1
942 120 140 1
943 120 140 1
944 120 140 1
945 120 140 1
946 120 140 1
947 120 140 1
948 120 140 1
949 120 140 1
950 40 47 1
951 40 47 1
952 40 47 1
953 40 47 1
954 40 47 1
955 40 47 1
956 40 47 1
957 40 47 1
958 40 47 1
959 40 47 1
960 40 47 1
961 172 154 1
962 172 154 1
963 172 154 1
964 172 154 1
965 172 154 1
966 172 154 1
967 172 154 1
968 172 154 1
969 172 154 1
970 172 154 1
971 172 154 1
972 172 154 1
973 172 154 1
974 172 154 1
975 172 154 1
976 172 154 1
977 172 154 1
978 172 154 1
979 172 154 1
980 73 2 1
981 73 2 1
982 73 2 1
983 73 2 1
984 73 2 1
985 73 2 1
986 73 2 1
987 73 2 1
988 149 133 1
989 149 133 1
990 149 133 1
991 149 133 1
992 149 133 1
993 149 133 1
994 149 133 1
995 149 133 1
996 149 133 1
997 149 133 1
998 149 133 1
999 149 133 1
1000 149 133 1
1001 149 133 1
1002 149 133 1
1003 149 133 1
1004 149 133 1
1005 149 133 1
1006 149 133 1
1007 149 133 1
1008 149 133 1
1009 149 133 1
1010 78 18 1
1011 78 18 1
1012 78 18 1
1013 78 18 1
1014 78 18 1
1015 78 18 1
1016 78 18 1
1017 78 18 1
1018 78 18 1
1019 78 18 1
1020 127 140 1
1021 127 140 1
1022 127 140 1
1023 127 140 1
1024 127 140 1
1025 127 140 1
1026 127 140 1
1027 127 140 1
1028 127 140 1
1029 32 133 1
1030 32 133 1
1031 32 133 1
1032 32 133 1
1033 32 133 1
1034 32 133 1
1035 32 133 1
1036 32 133 1
1037 32 133 1
1038 32 133 1
1039 32 133 1
1040 32 133 1
1041 32 133 1
1042 32 133 1
1043 32 133 1
1044 32 133 1
1045 156 24 10
1046 156 24 10
1047 156 24 10
1048 156 24 10
1049 156 24 10
1050 59 8 1
1051 59 8 1
1052 59 8 1
1053 59 8 1
1054 59 8 1
1055 59 8 1
1056 59 8 1
1057 59 8 1
1058 59 8 1
1059 59 8 1
1060 59 8 1
1061 171 8 2.5
1062 160 82 1
1063 160 82 1
1064 160 82 1
1065 160 82 1
1066 160 82 1
1067 160 82 1
1068 160 82 1
1069 160 82 1
1070 160 82 1
1071 160 82 1
1072 160 82 1
1073 160 82 1
1074 160 82 1
1075 160 82 1
1076 160 82 1
1077 160 82 1
1078 160 82 1
1079 160 82 1
1080 160 82 1
1081 171 48 10
1082 123 102 10
1083 123 102 10
1084 123 102 10
1085 123 102 10
1086 123 102 10
1087 123 102 10
1088 123 102 10
1089 123 102 10
1090 138 68 10
1091 138 68 10
1092 138 68 10
1093 138 68 10
1094 138 68 10
1095 138 68 10
1096 138 68 10
1097 76 146 1
1098 76 146 1
1099 76 146 1
1100 76 146 1
1101 76 146 1
1102 76 146 1
1103 76 146 1
1104 76 146 1
1105 76 146 1
1106 76 146 1
1107 76 146 1
1108 76 146 1
1109 76 146 1
1110 76 146 1
1111 76 146 1
1112 76 146 1
1113 76 146 1
1114 76 146 1
1115 76 146 1
1116 157 92 1
1117 157 92 1
1118 157 92 1
1119 157 92 1
1120 157 92 1
1121 157 92 1
1122 157 92 1
1123 157 92 1
1124 157 92 1
1125 157 92 1
1126 157 92 1
1127 157 92 1
1128 157 92 1
1129 157 92 1
1130 157 92 1
1131 157 92 1
1132 157 92 1
1133 38 148 10
1134 38 148 10
1135 38 148 10
1136 38 148 10
1137 38 148 10
1138 38 148 10
1139 38 148 10
1140 38 148 10
1141 38 148 10
1142 38 148 10
1143 51 104 2.5
1144 51 104 2.5
1145 51 104 2.5
1146 51 104 2.5
1147 51 104 2.5
1148 51 104 2.5
1149 51 104 2.5
1150 51 104 2.5
1151 88 123 10
1152 88 123 10
1153 88 123 10
1154 26 54 10
1155 26 54 10
1156 26 54 10
1157 26 54 10
1158 26 54 10
1159 26 54 10
1160 26 54 10
1161 26 54 10
1162 26 54 10
1163 89 133 10
1164 89 133 10
1165 89 133 10
1166 89 133 10
1167 89 133 10
1168 89 133 10
1169 89 133 10
1170 97 142 10
1171 97 142 10
1172 97 142 10
1173 97 142 10
1174 97 142 10
1175 97 142 10
1176 81 126 10
1177 81 126 10
1178 81 126 10
1179 81 126 10
1180 81 126 10
1181 7 57 1
1182 7 57 1
1183 7 57 1
1184 7 57 1
1185 7 57 1
1186 7 57 1
1187 7 57 1
1188 7 57 1
1189 7 57 1
1190 7 57 1
1191 93 173 1
1192 93 173 1
1193 93 173 1
1194 93 173 1
1195 93 173 1
1196 93 173 1
1197 93 173 1
1198 93 173 1
1199 93 173 1
1200 93 173 1
1201 93 173 1
1202 93 173 1
1203 93 173 1
1204 93 173 1
1205 93 173 1
1206 93 173 1
1207 93 173 1
1208 93 173 1
1209 93 173 1
1210 111 148 10
1211 111 148 10
1212 111 148 10
1213 24 54 2.5
1214 24 54 2.5
1215 24 54 2.5
1216 24 54 2.5
1217 24 54 2.5
1218 75 80 10
1219 75 80 10
1220 109 139 2.5
1221 109 139 2.5
1222 109 139 2.5
1223 73 9 10
1224 73 9 10
1225 73 9 10
1226 102 174 2.5
1227 102 174 2.5
1228 102 174 2.5
1229 102 174 2.5
1230 102 174 2.5
1231 102 174 2.5
1232 102 174 2.5
1233 102 174 2.5
1234 102 174 2.5
1235 102 174 2.5
1236 102 174 2.5
1237 102 174 2.5
1238 35 27 1
1239 35 27 1
1240 35 27 1
1241 35 27 1
1242 35 27 1
1243 35 27 1
1244 35 27 1
1245 35 27 1
1246 35 27 1
1247 35 27 1
1248 35 27 1
1249 35 27 1
1250 35 27 1
1251 35 27 1
1252 35 27 1
1253 35 27 1
1254 35 27 1
1255 21 51 2.5
1256 21 51 2.5
1257 21 51 2.5
1258 101 142 1
1259 101 142 1
1260 101 142 1
1261 101 142 1
1262 101 142 1
1263 101 142 1
1264 101 142 1
1265 101 142 1
1266 118 168 100
1267 118 168 100
1268 118 168 100
1269 118 168 100
1270 31 79 10
1271 31 79 10
1272 31 79 10
1273 31 79 10
1274 31 79 10
1275 31 79 10
1276 31 79 10
1277 31 79 10
1278 109 101 1
1279 109 101 1
1280 109 101 1
1281 109 101 1
1282 109 101 1
1283 109 101 1
1284 109 101 1
1285 109 101 1
1286 109 101 1
1287 109 101 1
1288 109 101 1
1289 109 101 1
1290 109 101 1
1291 109 101 1
1292 109 101 1
1293 109 101 1
1294 109 101 1
1295 109 101 1
1296 109 101 1
1297 109 101 1
1298 64 160 1
1299 64 160 1
1300 64 160 1
1301 64 160 1
1302 64 160 1
1303 64 160 1
1304 64 160 1
1305 64 160 1
1306 169 143 2.5
1307 169 143 2.5
1308 169 143 2.5
1309 169 143 2.5
1310 169 143 2.5
1311 169 143 2.5
1312 169 143 2.5
1313 169 143 2.5
1314 169 143 2.5
1315 169 143 2.5
1316 26 30 1
1317 26 30 1
1318 26 30 1
1319 26 30 1
1320 26 30 1
1321 26 30 1
1322 26 30 1
1323 26 30 1
1324 26 30 1
1325 26 30 1
1326 26 30 1
1327 26 30 1
1328 26 30 1
1329 26 30 1
1330 26 30 1
1331 40 100 1
1332 40 100 1
1333 40 100 1
1334 40 100 1
1335 40 100 1
1336 40 100 1
1337 5 115 10
1338 81 23 1
1339 81 23 1
1340 81 23 1
1341 81 23 1
1342 81 23 1
1343 81 23 1
1344 81 23 1
1345 81 23 1
1346 81 23 1
1347 81 23 1
1348 81 23 1
1349 81 23 1
1350 81 23 1
1351 81 23 1
1352 81 23 1
1353 81 23 1
1354 81 23 1
1355 81 23 1
1356 81 23 1
1357 81 23 1
1358 81 23 1
1359 164 41 10
1360 164 41 10
1361 164 41 10
1362 164 41 10
1363 149 150 1
1364 149 150 1
1365 149 150 1
1366 149 150 1
1367 149 150 1
1368 149 150 1
1369 149 150 1
1370 149 150 1
1371 149 150 1
1372 149 150 1
1373 149 150 1
1374 149 150 1
1375 149 150 1
1376 149 150 1
1377 149 150 1
1378 63 173 2.5
1379 63 173 2.5
1380 63 173 2.5
1381 63 173 2.5
1382 63 173 2.5
1383 63 173 2.5
1384 63 173 2.5
1385 63 173 2.5
1386 11 55 2.5
1387 11 55 2.5
1388 11 55 2.5
1389 11 55 2.5
1390 11 55 2.5
1391 11 55 2.5
1392 11 55 2.5
1393 11 55 2.5
1394 11 55 2.5
1395 11 55 2.5
1396 85 8 10
1397 85 8 10
1398 131 80 10
1399 131 80 10
1400 131 80 10
1401 131 80 10
1402 131 80 10
1403 131 80 10
1404 131 80 10
1405 131 80 10
1406 138 66 10
1407 138 66 10
1408 138 66 10
1409 138 66 10
1410 138 66 10
1411 63 113 2.5
1412 63 113 2.5
1413 63 113 2.5
1414 63 113 2.5
1415 63 113 2.5
1416 63 113 2.5
1417 63 113 2.5
1418 63 113 2.5
1419 63 113 2.5
1420 63 113 2.5
1421 63 113 2.5
1422 1 144 2.5
1423 1 144 2.5
1424 1 144 2.5
1425 1 144 2.5
1426 1 144 2.5
1427 1 144 2.5
1428 1 144 2.5
1429 1 144 2.5
1430 1 144 2.5
1431 55 45 10
1432 55 45 10
1433 55 45 10
1434 55 45 10
1435 55 45 10
1436 55 45 10
1437 55 45 10
1438 169 174 2.5
1439 169 174 2.5
1440 169 174 2.5
1441 169 174 2.5
1442 169 174 2.5
1443 169 174 2.5
1444 169 174 2.5
1445 68 131 10
1446 68 131 10
1447 68 131 10
1448 68 131 10
1449 68 131 10
1450 106 20 2.5
1451 106 20 2.5
1452 106 20 2.5
1453 106 20 2.5
1454 106 20 2.5
1455 35 46 10
1456 35 46 10
1457 35 46 10
1458 98 137 10
1459 26 32 1
1460 26 32 1
1461 26 32 1
1462 26 32 1
1463 26 32 1
1464 26 32 1
1465 26 32 1
1466 26 32 1
1467 26 32 1
1468 26 32 1
1469 26 32 1
1470 26 32 1
1471 26 32 1
1472 26 32 1
1473 26 32 1
1474 26 32 1
1475 26 32 1
1476 26 32 1
1477 26 32 1
1478 26 32 1
1479 26 32 1
1480 26 32 1
1481 8 172 2.5
1482 8 172 2.5
1483 8 172 2.5
1484 167 145 10
1485 167 145 10
1486 167 145 10
1487 167 145 10
1488 167 145 10
1489 167 145 10
1490 146 103 2.5
1491 146 103 2.5
1492 146 103 2.5
1493 146 103 2.5
1494 146 103 2.5
1495 146 103 2.5
1496 146 103 2.5
1497 146 103 2.5
1498 146 103 2.5
1499 146 103 2.5
1500 58 113 2.5
1501 58 113 2.5
1502 58 113 2.5
1503 58 113 2.5
1504 58 113 2.5
1505 58 113 2.5
1506 58 113 2.5
1507 58 113 2.5
1508 58 113 2.5
1509 47 26 10
1510 47 26 10
1511 47 26 10
1512 47 26 10
1513 47 26 10
1514 47 26 10
1515 102 161 100
1516 157 121 1
1517 157 121 1
1518 157 121 1
1519 157 121 1
1520 157 121 1
1521 157 121 1
1522 157 121 1
1523 157 121 1
1524 157 121 1
1525 157 121 1
1526 157 121 1
1527 157 121 1
1528 157 121 1
1529 157 121 1
1530 157 121 1
1531 157 121 1
1532 168 134 10
1533 168 134 10
1534 168 134 10
1535 168 134 10
1536 168 134 10
1537 168 134 10
1538 168 134 10
1539 40 20 1
1540 40 20 1
1541 40 20 1
1542 40 20 1
1543 40 20 1
1544 40 20 1
1545 40 20 1
1546 40 20 1
1547 40 20 1
1548 40 20 1
1549 40 20 1
1550 40 20 1
1551 40 20 1
1552 40 20 1
1553 40 20 1
1554 40 20 1
1555 40 20 1
1556 40 20 1
1557 40 20 1
1558 40 20 1
1559 40 20 1
1560 40 20 1
1561 75 132 10
1562 75 132 10
1563 75 132 10
1564 75 132 10
1565 75 132 10
1566 75 132 10
1567 75 132 10
1568 112 160 2.5
1569 112 160 2.5
1570 112 160 2.5
1571 112 160 2.5
1572 112 160 2.5
1573 112 160 2.5
1574 112 160 2.5
1575 112 160 2.5
1576 112 160 2.5
1577 112 160 2.5
1578 112 160 2.5
1579 170 90 1
1580 170 90 1
1581 170 90 1
1582 170 90 1
1583 170 90 1
1584 170 90 1
1585 170 90 1
1586 170 90 1
1587 170 90 1
1588 170 90 1
1589 124 82 1
1590 124 82 1
1591 124 82 1
1592 124 82 1
1593 124 82 1
1594 124 82 1
1595 124 82 1
1596 124 82 1
1597 124 82 1
1598 124 82 1
1599 124 82 1
1600 124 82 1
1601 124 82 1
1602 92 61 10
1603 92 61 10
1604 92 61 10
1605 92 61 10
1606 118 37 1
1607 118 37 1
1608 118 37 1
1609 118 37 1
1610 118 37 1
1611 118 37 1
1612 118 37 1
1613 118 37 1
1614 118 37 1
1615 118 37 1
1616 118 37 1
1617 118 37 1
1618 118 37 1
1619 118 37 1
1620 118 37 1
1621 118 37 1
1622 118 37 1
1623 118 37 1
1624 118 37 1
1625 77 165 10
1626 77 165 10
1627 9 78 10
1628 9 78 10
1629 9 78 10
1630 9 78 10
1631 9 78 10
1632 9 78 10
1633 9 78 10
1634 9 78 10
1635 9 78 10
1636 108 70 10
1637 108 70 10
1638 108 70 10
1639 108 70 10
1640 108 70 10
1641 108 70 10
1642 22 152 1
1643 22 152 1
1644 22 152 1
1645 22 152 1
1646 22 152 1
1647 22 152 1
1648 22 152 1
1649 22 152 1
1650 22 152 1
1651 22 152 1
1652 22 152 1
1653 22 152 1
1654 22 152 1
1655 22 152 1
1656 22 152 1
1657 22 152 1
1658 22 152 1
1659 22 152 1
1660 22 152 1
1661 147 53 1
1662 147 53 1
1663 147 53 1
1664 147 53 1
1665 147 53 1
1666 147 53 1
1667 46 78 10
1668 46 78 10
1669 46 78 10
1670 46 78 10
1671 46 78 10
1672 46 78 10
1673 46 78 10
1674 61 79 1
1675 61 79 1
1676 61 79 1
1677 61 79 1
1678 61 79 1
1679 61 79 1
1680 61 79 1
1681 61 79 1
1682 61 79 1
1683 49 8 1
1684 49 8 1
1685 49 8 1
1686 49 8 1
1687 49 8 1
1688 49 8 1
1689 49 8 1
1690 49 8 1
1691 49 8 1
1692 49 8 1
1693 14 104 1
1694 14 104 1
1695 14 104 1
1696 14 104 1
1697 14 104 1
1698 14 104 1
1699 14 104 1
1700 14 104 1
1701 14 104 1
1702 14 104 1
1703 14 104 1
1704 14 104 1
1705 14 104 1
1706 14 104 1
1707 14 104 1
1708 14 104 1
1709 14 104 1
1710 14 104 1
1711 14 104 1
1712 14 104 1
1713 14 104 1
1714 14 104 1
1715 80 39 10
1716 102 89 1
1717 102 89 1
1718 102 89 1
1719 102 89 1
1720 102 89 1
1721 173 42 1
1722 173 42 1
1723 173 42 1
1724 173 42 1
1725 173 42 1
1726 173 42 1
1727 173 42 1
1728 173 42 1
1729 173 42 1
1730 173 42 1
1731 173 42 1
1732 173 42 1
1733 173 42 1
1734 173 42 1
1735 173 42 1
1736 173 42 1
1737 173 42 1
1738 173 42 1
1739 173 42 1
1740 40 96 1
1741 40 96 1
1742 40 96 1
1743 40 96 1
1744 40 96 1
1745 40 96 1
1746 40 96 1
1747 40 96 1
1748 40 96 1
1749 40 96 1
1750 40 96 1
1751 40 96 1
1752 40 96 1
1753 40 96 1
1754 40 96 1
1755 40 96 1
1756 40 96 1
1757 40 96 1
1758 40 96 1
1759 40 96 1
1760 40 96 1
1761 26 27 1
1762 26 27 1
1763 26 27 1
1764 26 27 1
1765 26 27 1
1766 26 27 1
1767 26 27 1
1768 26 27 1
1769 26 27 1
1770 26 27 1
1771 43 60 100
1772 43 60 100
1773 43 60 100
1774 18 112 1
1775 18 112 1
1776 18 112 1
1777 18 112 1
1778 18 112 1
1779 18 112 1
1780 18 112 1
1781 18 112 1
1782 18 112 1
1783 18 112 1
1784 18 112 1
1785 18 112 1
1786 18 112 1
1787 160 135 10
1788 160 135 10
1789 160 135 10
1790 160 135 10
1791 160 135 10
1792 160 135 10
1793 160 135 10
1794 160 135 10
1795 94 35 1
1796 94 35 1
1797 94 35 1
1798 94 35 1
1799 94 35 1
1800 94 35 1
1801 94 35 1
1802 94 35 1
1803 75 40 2.5
1804 75 40 2.5
1805 75 40 2.5
1806 69 71 1
1807 69 71 1
1808 69 71 1
1809 69 71 1
1810 69 71 1
1811 69 71 1
1812 69 71 1
1813 69 71 1
1814 69 71 1
1815 69 71 1
1816 69 71 1
1817 69 71 1
1818 69 71 1
1819 69 71 1
1820 69 71 1
1821 69 71 1
1822 69 71 1
1823 69 71 1
1824 69 71 1
1825 69 71 1
1826 55 38 1
1827 55 38 1
1828 55 38 1
1829 55 38 1
1830 55 38 1
1831 55 38 1
1832 55 38 1
1833 55 38 1
1834 55 38 1
1835 55 38 1
1836 55 38 1
1837 55 38 1
1838 55 38 1
1839 55 38 1
1840 55 38 1
1841 55 38 1
1842 132 170 1
1843 132 170 1
1844 132 170 1
1845 132 170 1
1846 132 170 1
1847 132 170 1
1848 132 170 1
1849 132 170 1
1850 132 170 1
1851 132 170 1
1852 132 170 1
1853 132 170 1
1854 132 170 1
1855 132 170 1
1856 132 170 1
1857 132 170 1
1858 132 170 1
1859 132 170 1
1860 132 170 1
1861 132 170 1
1862 132 170 1
1863 132 170 1
1864 164 32 10
1865 164 32 10
1866 164 32 10
1867 164 32 10
1868 164 32 10
1869 164 32 10
1870 164 32 10
1871 164 32 10
1872 164 32 10
1873 164 32 10
1874 31 162 1
1875 31 162 1
1876 31 162 1
1877 31 162 1
1878 31 162 1
1879 31 162 1
1880 115 158 10
1881 115 158 10
1882 115 158 10
1883 115 158 10
1884 115 158 10
1885 115 158 10
1886 115 158 10
1887 115 158 10
1888 48 125 2.5
1889 48 125 2.5
1890 48 125 2.5
1891 142 48 2.5
1892 142 48 2.5
1893 128 87 10
1894 128 87 10
1895 128 87 10
1896 128 87 10
1897 128 87 10
1898 128 87 10
1899 128 87 10
1900 128 87 10
1901 128 87 10
1902 128 87 10
1903 89 15 1
1904 89 15 1
1905 89 15 1
1906 89 15 1
1907 89 15 1
1908 89 15 1
1909 89 15 1
1910 89 15 1
1911 89 15 1
1912 89 15 1
1913 89 15 1
1914 89 15 1
1915 89 15 1
1916 89 15 1
1917 89 15 1
1918 89 15 1
1919 89 15 1
1920 89 15 1
1921 89 15 1
1922 89 15 1
1923 89 15 1
1924 26 106 1
1925 26 106 1
1926 26 106 1
1927 26 106 1
1928 26 106 1
1929 26 106 1
1930 26 106 1
1931 26 106 1
1932 26 106 1
1933 26 106 1
1934 26 106 1
1935 26 106 1
1936 26 106 1
1937 26 106 1
1938 120 117 10
1939 120 117 10
1940 120 117 10
1941 120 117 10
1942 120 117 10
1943 120 117 10
1944 120 117 10
1945 120 117 10
1946 120 117 10
1947 120 117 10
1948 19 167 10
1949 19 167 10
1950 19 167 10
1951 19 167 10
1952 105 34 10
1953 105 34 10
1954 105 34 10
1955 105 34 10
1956 105 34 10
1957 105 34 10
1958 105 34 10
1959 105 34 10
1960 7 109 10
1961 7 109 10
1962 171 146 1
1963 171 146 1
1964 171 146 1
1965 171 146 1
1966 171 146 1
1967 171 146 1
1968 171 146 1
1969 171 146 1
1970 171 146 1
1971 171 146 1
1972 9 145 1
1973 9 145 1
1974 9 145 1
1975 9 145 1
1976 9 145 1
1977 9 145 1
1978 9 145 1
1979 9 145 1
1980 9 145 1
1981 9 145 1
1982 9 145 1
1983 9 145 1
1984 9 145 1
1985 89 60 10
1986 136 79 2.5
1987 136 79 2.5
1988 136 79 2.5
1989 136 79 2.5
1990 136 79 2.5
1991 136 79 2.5
1992 136 79 2.5
1993 136 79 2.5
1994 136 79 2.5
1995 136 79 2.5
1996 136 79 2.5
1997 103 95 10
1998 103 95 10
1999 103 95 10
2000 81 136 1
2001 81 136 1
2002 81 136 1
2003 81 136 1
2004 81 136 1
2005 81 136 1
2006 81 136 1
2007 81 136 1
2008 81 136 1
2009 81 136 1
2010 81 136 1
2011 81 136 1
2012 81 136 1
2013 81 136 1
2014 81 136 1
2015 81 136 1
2016 81 136 1
2017 81 136 1
2018 81 136 1
2019 81 136 1
2020 133 50 1
2021 133 50 1
2022 133 50 1
2023 133 50 1
2024 133 50 1
2025 133 50 1
2026 133 50 1
2027 133 50 1
2028 133 50 1
2029 133 50 1
2030 133 50 1
2031 133 50 1
2032 133 50 1
2033 51 58 2.5
2034 51 58 2.5
2035 172 67 10
2036 172 67 10
2037 172 67 10
2038 172 67 10
2039 172 67 10
2040 107 101 10
2041 107 101 10
2042 107 101 10
2043 107 101 10
2044 107 101 10
2045 84 134 10
2046 84 134 10
2047 84 134 10
2048 84 134 10
2049 84 134 10
2050 88 11 10
2051 88 11 10
2052 88 11 10
2053 16 134 1
2054 16 134 1
2055 16 134 1
2056 16 134 1
2057 16 134 1
2058 16 134 1
2059 16 134 1
2060 16 134 1
2061 16 134 1
2062 16 134 1
2063 16 134 1
2064 16 134 1
2065 16 134 1
2066 16 134 1
2067 16 134 1
2068 16 134 1
2069 16 134 1
2070 16 134 1
2071 174 145 1
2072 174 145 1
2073 174 145 1
2074 174 145 1
2075 174 145 1
2076 174 145 1
2077 174 145 1
2078 174 145 1
2079 174 145 1
2080 174 145 1
2081 174 145 1
2082 174 145 1
2083 174 145 1
2084 174 145 1
2085 174 145 1
2086 174 145 1
2087 174 145 1
2088 174 145 1
2089 174 145 1
2090 58 163 10
2091 58 163 10
2092 58 163 10
2093 58 163 10
2094 33 146 1
2095 33 146 1
2096 33 146 1
2097 33 146 1
2098 33 146 1
2099 33 146 1
2100 33 146 1
2101 33 146 1
2102 33 146 1
2103 33 146 1
2104 33 146 1
2105 33 146 1
2106 33 146 1
2107 33 146 1
2108 33 146 1
2109 33 146 1
2110 33 146 1
2111 33 146 1
2112 33 146 1
2113 33 146 1
2114 44 155 1
2115 44 155 1
2116 44 155 1
2117 44 155 1
2118 44 155 1
2119 44 155 1
2120 164 92 1
2121 164 92 1
2122 164 92 1
2123 164 92 1
2124 164 92 1
2125 26 147 10
2126 26 147 10
2127 26 147 10
2128 26 147 10
2129 26 147 10
2130 26 147 10
2131 26 147 10
2132 26 147 10
2133 26 147 10
2134 66 116 10
2135 66 116 10
2136 66 116 10
2137 66 116 10
2138 50 125 1
2139 50 125 1
2140 50 125 1
2141 50 125 1
2142 50 125 1
2143 50 125 1
2144 50 125 1
2145 50 125 1
2146 50 125 1
2147 50 125 1
2148 50 125 1
2149 50 125 1
2150 50 125 1
2151 50 125 1
2152 50 125 1
2153 50 125 1
2154 50 125 1
2155 50 125 1
2156 50 125 1
2157 50 125 1
2158 50 125 1
2159 40 146 10
2160 40 146 10
2161 40 146 10
2162 40 146 10
2163 40 146 10
2164 40 146 10
2165 40 146 10
2166 40 146 10
2167 40 146 10
2168 41 7 2.5
2169 41 7 2.5
2170 41 7 2.5
2171 41 7 2.5
2172 41 7 2.5
2173 41 7 2.5
2174 41 7 2.5
2175 41 7 2.5
2176 41 7 2.5
2177 108 74 10
2178 108 74 10
2179 108 74 10
2180 108 74 10
2181 108 74 10
2182 108 74 10
2183 108 74 10
2184 108 74 10
2185 108 74 10
2186 69 101 1
2187 69 101 1
2188 69 101 1
2189 69 101 1
2190 69 101 1
2191 69 101 1
2192 69 101 1
2193 19 55 1
2194 19 55 1
2195 19 55 1
2196 19 55 1
2197 19 55 1
2198 19 55 1
2199 19 55 1
2200 19 55 1
2201 19 55 1
2202 19 55 1
2203 19 55 1
2204 19 55 1
2205 138 49 10
2206 47 15 10
2207 47 15 10
2208 47 15 10
2209 47 15 10
2210 47 15 10
2211 47 15 10
2212 47 15 10
2213 47 15 10
2214 47 15 10
2215 52 78 10
2216 52 78 10
2217 52 78 10
2218 52 78 10
2219 52 78 10
2220 67 109 10
2221 91 161 1
2222 91 161 1
2223 91 161 1
2224 91 161 1
2225 91 161 1
2226 91 161 1
2227 91 161 1
2228 91 161 1
2229 91 161 1
2230 91 161 1
2231 91 161 1
2232 91 161 1
2233 91 161 1
2234 91 161 1
2235 91 161 1
2236 173 164 10
2237 173 164 10
2238 173 164 10
2239 173 164 10
2240 173 164 10
2241 173 164 10
2242 173 164 10
2243 173 164 10
2244 173 164 10
2245 165 79 100
2246 165 79 100
2247 165 79 100
2248 165 79 100
2249 68 41 10
2250 68 41 10
2251 68 41 10
2252 68 41 10
2253 68 41 10
2254 68 41 10
2255 68 41 10
2256 27 159 10
2257 20 87 10
2258 20 87 10
2259 20 87 10
2260 20 87 10
2261 20 87 10
2262 20 87 10
2263 20 87 10
2264 153 164 100
2265 153 164 100
2266 153 164 100
2267 56 135 1
2268 56 135 1
2269 56 135 1
2270 56 135 1
2271 56 135 1
2272 56 135 1
2273 56 135 1
2274 56 135 1
2275 56 135 1
2276 56 135 1
2277 56 135 1
2278 56 135 1
2279 112 132 1
2280 112 132 1
2281 112 132 1
2282 112 132 1
2283 112 132 1
2284 112 132 1
2285 112 132 1
2286 112 132 1
2287 112 132 1
2288 19 50 1
2289 19 50 1
2290 19 50 1
2291 19 50 1
2292 19 50 1
2293 19 50 1
2294 19 50 1
2295 19 50 1
2296 150 21 1
2297 150 21 1
2298 150 21 1
2299 150 21 1
2300 150 21 1
2301 150 21 1
2302 150 21 1
2303 150 21 1
2304 150 21 1
2305 150 21 1
2306 150 21 1
2307 150 21 1
2308 132 126 2.5
2309 132 126 2.5
2310 132 126 2.5
2311 60 103 10
2312 60 103 10
2313 60 103 10
2314 60 103 10
2315 168 101 10
2316 168 101 10
2317 168 101 10
2318 168 101 10
2319 168 101 10
2320 123 62 1
2321 123 62 1
2322 123 62 1
2323 123 62 1
2324 123 62 1
2325 123 62 1
2326 123 62 1
2327 123 62 1
2328 123 62 1
2329 123 62 1
2330 123 62 1
2331 123 62 1
2332 123 62 1
2333 123 62 1
2334 123 62 1
2335 24 79 10
2336 24 79 10
2337 24 79 10
2338 8 161 10
2339 8 161 10
2340 8 161 10
2341 8 161 10
2342 8 161 10
2343 8 161 10
2344 8 161 10
2345 8 161 10
2346 8 161 10
2347 8 161 10
2348 114 65 1
2349 114 65 1
2350 114 65 1
2351 114 65 1
2352 114 65 1
2353 114 65 1
2354 114 65 1
2355 114 65 1
2356 114 65 1
2357 114 65 1
2358 114 65 1
2359 114 65 1
2360 114 65 1
2361 114 65 1
2362 114 65 1
2363 114 65 1
2364 114 65 1
2365 84 34 10
2366 84 34 10
2367 156 162 1
2368 156 162 1
2369 156 162 1
2370 156 162 1
2371 156 162 1
2372 156 162 1
2373 156 162 1
2374 156 162 1
2375 156 162 1
2376 156 162 1
2377 152 51 1
2378 152 51 1
2379 152 51 1
2380 152 51 1
2381 152 51 1
2382 152 51 1
2383 152 51 1
2384 152 51 1
2385 152 51 1
2386 152 51 1
2387 152 51 1
2388 152 51 1
2389 120 107 2.5
2390 120 107 2.5
2391 120 107 2.5
2392 79 104 10
2393 79 104 10
2394 49 133 1
2395 49 133 1
2396 49 133 1
2397 49 133 1
2398 49 133 1
2399 87 53 1
2400 87 53 1
2401 87 53 1
2402 87 53 1
2403 87 53 1
2404 87 53 1
2405 87 53 1
2406 87 53 1
2407 87 53 1
2408 87 53 1
2409 87 53 1
2410 87 53 1
2411 87 53 1
2412 87 53 1
2413 158 31 1
2414 158 31 1
2415 158 31 1
2416 158 31 1
2417 158 31 1
2418 158 31 1
2419 158 31 1
2420 158 31 1
2421 158 31 1
2422 158 31 1
2423 158 31 1
2424 158 31 1
2425 158 31 1
2426 158 31 1
2427 158 31 1
2428 158 31 1
2429 158 31 1
2430 158 31 1
2431 158 31 1
2432 74 163 2.5
2433 74 163 2.5
2434 74 163 2.5
2435 74 163 2.5
2436 74 163 2.5
2437 74 163 2.5
2438 65 85 1
2439 65 85 1
2440 65 85 1
2441 65 85 1
2442 65 85 1
2443 65 85 1
2444 65 85 1
2445 65 85 1
2446 65 85 1
2447 65 85 1
2448 65 85 1
2449 65 85 1
2450 65 85 1
2451 65 85 1
2452 65 85 1
2453 65 85 1
2454 65 85 1
2455 65 85 1
2456 65 85 1
2457 65 85 1
2458 65 85 1
2459 65 85 1
2460 12 33 1
2461 12 33 1
2462 12 33 1
2463 12 33 1
2464 12 33 1
2465 12 33 1
2466 12 33 1
2467 12 33 1
2468 12 33 1
2469 12 33 1
2470 12 33 1
2471 12 33 1
2472 12 33 1
2473 12 33 1
2474 123 64 1
2475 123 64 1
2476 123 64 1
2477 123 64 1
2478 123 64 1
2479 123 64 1
2480 107 40 1
2481 107 40 1
2482 107 40 1
2483 107 40 1
2484 107 40 1
2485 107 40 1
2486 107 40 1
2487 107 40 1
2488 107 40 1
2489 107 40 1
2490 107 40 1
2491 107 40 1
2492 1 65 1
2493 1 65 1
2494 1 65 1
2495 1 65 1
2496 1 65 1
2497 1 65 1
2498 1 65 1
2499 1 65 1
2500 1 65 1
2501 1 65 1
2502 73 160 1
2503 73 160 1
2504 73 160 1
2505 73 160 1
2506 73 160 1
2507 73 160 1
2508 73 160 1
2509 73 160 1
2510 73 160 1
2511 73 160 1
2512 73 160 1
2513 73 160 1
2514 73 160 1
2515 73 160 1
2516 73 160 1
2517 73 160 1
2518 73 160 1
2519 73 160 1
2520 73 160 1
2521 73 160 1
2522 73 160 1
2523 73 160 1
2524 81 140 1
2525 81 140 1
2526 81 140 1
2527 81 140 1
2528 81 140 1
2529 81 140 1
2530 81 140 1
2531 81 140 1
2532 81 140 1
2533 81 140 1
2534 81 140 1
2535 81 140 1
2536 81 140 1
2537 81 140 1
2538 81 140 1
2539 81 140 1
2540 81 140 1
2541 81 140 1
2542 81 140 1
2543 81 140 1
2544 81 140 1
2545 96 71 2.5
2546 96 71 2.5
2547 96 71 2.5
2548 96 71 2.5
2549 96 71 2.5
2550 96 71 2.5
2551 96 71 2.5
2552 153 85 10
2553 153 85 10
2554 153 85 10
2555 153 85 10
2556 153 85 10
2557 167 69 1
2558 167 69 1
2559 167 69 1
2560 167 69 1
2561 167 69 1
2562 167 69 1
2563 167 69 1
2564 167 69 1
2565 167 69 1
2566 167 69 1
2567 167 69 1
2568 167 69 1
2569 167 69 1
2570 167 69 1
2571 167 69 1
2572 114 84 1
2573 114 84 1
2574 114 84 1
2575 114 84 1
2576 114 84 1
2577 114 84 1
2578 114 84 1
2579 114 84 1
2580 138 121 10
2581 138 121 10
2582 138 121 10
2583 138 121 10
2584 138 121 10
2585 138 121 10
2586 138 121 10
2587 138 121 10
2588 129 63 10
2589 129 63 10
2590 129 63 10
2591 129 63 10
2592 129 63 10
2593 129 63 10
2594 129 63 10
2595 129 63 10
2596 129 63 10
2597 68 124 10
2598 159 74 10
2599 159 74 10
2600 159 74 10
2601 159 74 10
2602 159 74 10
2603 100 99 1
2604 100 99 1
2605 100 99 1
2606 100 99 1
2607 100 99 1
2608 100 99 1
2609 100 99 1
2610 100 99 1
2611 100 99 1
2612 100 99 1
2613 100 99 1
2614 100 99 1
2615 100 99 1
2616 100 99 1
2617 100 99 1
2618 100 99 1
2619 100 99 1
2620 36 52 10
2621 36 52 10
2622 36 52 10
2623 36 52 10
2624 36 52 10
2625 36 52 10
2626 36 52 10
2627 36 52 10
2628 136 6 10
2629 136 6 10
2630 136 6 10
2631 136 6 10
2632 28 62 1
2633 28 62 1
2634 28 62 1
2635 28 62 1
2636 28 62 1
2637 28 62 1
2638 28 62 1
2639 28 62 1
2640 28 62 1
2641 170 12 1
2642 170 12 1
2643 170 12 1
2644 170 12 1
2645 170 12 1
2646 170 12 1
2647 170 12 1
2648 170 12 1
2649 170 12 1
2650 170 12 1
2651 170 12 1
2652 170 12 1
2653 170 12 1
2654 149 93 1
2655 149 93 1
2656 149 93 1
2657 149 93 1
2658 149 93 1
2659 149 93 1
2660 149 93 1
2661 149 93 1
2662 149 93 1
2663 149 93 1
2664 149 93 1
2665 105 162 10
2666 7 84 10
2667 7 84 10
2668 173 147 1
2669 173 147 1
2670 173 147 1
2671 173 147 1
2672 173 147 1
2673 173 147 1
2674 173 147 1
2675 173 147 1
2676 173 147 1
2677 173 147 1
2678 173 147 1
2679 173 147 1
2680 20 153 1
2681 20 153 1
2682 20 153 1
2683 20 153 1
2684 20 153 1
2685 20 153 1
2686 20 153 1
2687 20 153 1
2688 20 153 1
2689 89 68 100
2690 89 68 100
2691 29 88 10
2692 29 88 10
2693 29 88 10
2694 21 25 10
2695 21 25 10
2696 9 20 2.5
2697 9 20 2.5
2698 9 20 2.5
2699 9 20 2.5
2700 9 20 2.5
2701 103 49 10
2702 103 49 10
2703 120 98 2.5
2704 120 98 2.5
2705 120 98 2.5
2706 120 98 2.5
2707 120 98 2.5
2708 120 98 2.5
2709 120 98 2.5
2710 120 98 2.5
2711 120 98 2.5
2712 135 69 10
2713 135 69 10
2714 135 69 10
2715 135 69 10
2716 135 69 10
2717 135 69 10
2718 135 69 10
2719 135 69 10
2720 69 156 10
2721 69 156 10
2722 69 156 10
2723 69 156 10
2724 69 156 10
2725 69 156 10
2726 69 156 10
2727 69 156 10
2728 69 156 10
2729 69 156 10
2730 15 108 1
2731 15 108 1
2732 15 108 1
2733 15 108 1
2734 15 108 1
2735 15 108 1
2736 15 108 1
2737 15 108 1
2738 15 108 1
2739 15 108 1
2740 15 108 1
2741 118 129 1
2742 118 129 1
2743 118 129 1
2744 118 129 1
2745 118 129 1
2746 118 129 1
2747 118 129 1
2748 118 129 1
2749 118 129 1
2750 118 129 1
2751 118 129 1
2752 118 129 1
2753 118 129 1
2754 118 129 1
2755 118 129 1
2756 118 129 1
2757 118 129 1
2758 118 129 1
2759 118 129 1
2760 118 129 1
2761 118 129 1
2762 118 129 1
2763 34 156 2.5
2764 34 156 2.5
2765 34 156 2.5
2766 34 156 2.5
2767 34 156 2.5
2768 46 139 1
2769 46 139 1
2770 46 139 1
2771 46 139 1
2772 46 139 1
2773 82 13 1
2774 82 13 1
2775 82 13 1
2776 82 13 1
2777 82 13 1
2778 17 158 1
2779 17 158 1
2780 17 158 1
2781 17 158 1
2782 17 158 1
2783 17 158 1
2784 17 158 1
2785 17 158 1
2786 131 15 10
2787 131 15 10
2788 149 3 1
2789 149 3 1
2790 149 3 1
2791 149 3 1
2792 149 3 1
2793 149 3 1
2794 149 3 1
2795 149 3 1
2796 149 3 1
2797 149 3 1
2798 149 3 1
2799 129 169 1
2800 129 169 1
2801 129 169 1
2802 129 169 1
2803 129 169 1
2804 129 169 1
2805 129 169 1
2806 129 169 1
2807 129 169 1
2808 129 169 1
2809 129 169 1
2810 129 169 1
2811 129 169 1
2812 129 169 1
2813 92 40 10
2814 101 45 1
2815 101 45 1
2816 101 45 1
2817 101 45 1
2818 101 45 1
2819 101 45 1
2820 104 14 1
2821 104 14 1
2822 104 14 1
2823 104 14 1
2824 104 14 1
2825 104 14 1
2826 104 14 1
2827 104 14 1
2828 104 14 1
2829 104 14 1
2830 104 14 1
2831 104 14 1
2832 104 14 1
2833 104 14 1
2834 104 14 1
2835 104 14 1
2836 104 14 1
2837 104 14 1
2838 104 14 1
2839 104 14 1
2840 53 63 1
2841 53 63 1
2842 53 63 1
2843 53 63 1
2844 53 63 1
2845 53 63 1
2846 53 63 1
2847 53 63 1
2848 53 63 1
2849 53 63 1
2850 53 63 1
2851 53 63 1
2852 53 63 1
2853 53 63 1
2854 53 63 1
2855 53 63 1
2856 53 63 1
2857 53 63 1
2858 19 9 1
2859 19 9 1
2860 19 9 1
2861 19 9 1
2862 19 9 1
2863 19 9 1
2864 19 9 1
2865 19 9 1
2866 19 9 1
2867 19 9 1
2868 19 9 1
2869 19 9 1
2870 19 9 1
2871 19 9 1
2872 19 9 1
2873 19 9 1
2874 19 9 1
2875 19 9 1
2876 19 9 1
2877 19 9 1
2878 19 9 1
2879 136 141 1
2880 136 141 1
2881 136 141 1
2882 136 141 1
2883 136 141 1
2884 136 141 1
2885 82 21 1
2886 82 21 1
2887 82 21 1
2888 82 21 1
2889 82 21 1
2890 82 21 1
2891 82 21 1
2892 82 21 1
2893 82 21 1
2894 82 21 1
2895 82 21 1
2896 82 21 1
2897 82 21 1
2898 82 21 1
2899 82 21 1
2900 82 21 1
2901 151 143 10
2902 151 143 10
2903 22 67 2.5
2904 22 67 2.5
2905 22 67 2.5
2906 22 67 2.5
2907 22 67 2.5
2908 22 67 2.5
2909 136 99 2.5
2910 136 99 2.5
2911 136 99 2.5
2912 136 99 2.5
2913 136 99 2.5
2914 136 99 2.5
2915 12 54 10
2916 11 104 1
2917 11 104 1
2918 11 104 1
2919 11 104 1
2920 11 104 1
2921 11 104 1
2922 11 104 1
2923 11 104 1
2924 11 104 1
2925 11 104 1
2926 11 104 1
2927 11 104 1
2928 11 104 1
2929 11 104 1
2930 11 104 1
2931 71 24 10
2932 71 24 10
2933 71 24 10
2934 71 24 10
2935 71 24 10
2936 71 24 10
2937 71 24 10
2938 63 173 2.5
2939 63 173 2.5
2940 63 173 2.5
2941 63 173 2.5
2942 63 173 2.5
2943 63 173 2.5
2944 63 173 2.5
2945 63 173 2.5
2946 63 173 2.5
2947 63 173 2.5
2948 63 173 2.5
2949 63 173 2.5
2950 94 33 1
2951 94 33 1
2952 94 33 1
2953 94 33 1
2954 94 33 1
2955 94 33 1
2956 24 171 1
2957 24 171 1
2958 24 171 1
2959 24 171 1
2960 24 171 1
2961 24 171 1
2962 24 171 1
2963 24 171 1
2964 24 171 1
2965 24 171 1
2966 24 171 1
2967 24 171 1
2968 24 171 1
2969 24 171 1
2970 24 171 1
2971 24 171 1
2972 24 171 1
2973 24 171 1
2974 75 58 1
2975 75 58 1
2976 75 58 1
2977 75 58 1
2978 75 58 1
2979 75 58 1
2980 75 58 1
2981 75 58 1
2982 75 58 1
2983 75 58 1
2984 75 58 1
2985 75 58 1
2986 75 58 1
2987 75 58 1
2988 75 58 1
2989 75 58 1
2990 75 58 1
2991 75 58 1
2992 75 58 1
2993 95 31 2.5
2994 95 31 2.5
2995 95 31 2.5
2996 67 109 1
2997 67 109 1
2998 67 109 1
2999 67 109 1
3000 67 109 1
3001 67 109 1
3002 67 109 1
3003 67 109 1
3004 67 109 1
3005 67 109 1
3006 67 109 1
3007 67 109 1
3008 67 109 1
3009 67 109 1
3010 67 109 1
3011 67 109 1
3012 67 109 1
3013 67 109 1
3014 111 93 10
3015 111 93 10
3016 49 1 10
3017 49 1 10
3018 49 1 10
3019 49 1 10
3020 49 1 10
3021 49 1 10
3022 49 1 10
3023 167 92 1
3024 167 92 1
3025 167 92 1
3026 167 92 1
3027 167 92 1
3028 167 92 1
3029 167 92 1
3030 167 92 1
3031 167 92 1
3032 167 92 1
3033 167 92 1
3034 167 92 1
3035 167 92 1
3036 167 92 1
3037 167 92 1
3038 167 92 1
3039 167 92 1
3040 167 92 1
3041 167 92 1
3042 41 61 10
3043 41 61 10
3044 41 61 10
3045 41 61 10
3046 17 159 10
3047 17 159 10
3048 17 159 10
3049 17 159 10
3050 17 159 10
3051 17 159 10
3052 53 134 1
3053 53 134 1
3054 53 134 1
3055 53 134 1
3056 53 134 1
3057 53 134 1
3058 53 134 1
3059 53 134 1
3060 53 134 1
3061 53 134 1
3062 53 134 1
3063 53 134 1
3064 53 134 1
3065 53 134 1
3066 20 96 1
3067 20 96 1
3068 20 96 1
3069 20 96 1
3070 20 96 1
3071 20 96 1
3072 20 96 1
3073 20 96 1
3074 131 173 10
3075 131 173 10
3076 116 106 1
3077 116 106 1
3078 116 106 1
3079 116 106 1
3080 116 106 1
3081 116 106 1
3082 116 106 1
3083 116 106 1
3084 116 106 1
3085 116 106 1
3086 116 106 1
3087 116 106 1
3088 116 106 1
3089 116 106 1
3090 116 106 1
3091 116 106 1
3092 145 107 10
3093 145 107 10
3094 118 20 10
3095 118 20 10
3096 118 20 10
3097 109 62 1
3098 109 62 1
3099 109 62 1
3100 109 62 1
3101 109 62 1
3102 109 62 1
3103 109 62 1
3104 109 62 1
3105 109 62 1
3106 109 62 1
3107 109 62 1
3108 109 62 1
3109 109 62 1
3110 109 62 1
3111 109 62 1
3112 109 62 1
3113 109 62 1
3114 109 62 1
3115 109 62 1
3116 109 62 1
3117 109 62 1
3118 100 34 2.5
3119 100 34 2.5
3120 100 34 2.5
3121 100 34 2.5
3122 76 63 10
3123 76 63 10
3124 76 63 10
3125 76 63 10
3126 76 63 10
3127 87 77 10
3128 87 77 10
3129 87 77 10
3130 87 77 10
3131 87 77 10
3132 51 18 10
3133 51 18 10
3134 51 18 10
3135 51 18 10
3136 51 18 10
3137 51 18 10
3138 51 18 10
3139 169 58 100
3140 169 58 100
3141 169 58 100
3142 151 57 1
3143 151 57 1
3144 151 57 1
3145 151 57 1
3146 151 57 1
3147 151 57 1
3148 151 57 1
3149 151 57 1
3150 151 57 1
3151 151 57 1
3152 151 57 1
3153 151 57 1
3154 147 92 1
3155 147 92 1
3156 147 92 1
3157 147 92 1
3158 147 92 1
3159 147 92 1
3160 147 92 1
3161 147 92 1
3162 147 92 1
3163 68 16 1
3164 68 16 1
3165 68 16 1
3166 68 16 1
3167 68 16 1
3168 68 16 1
3169 68 16 1
3170 68 16 1
3171 68 16 1
3172 68 16 1
3173 68 16 1
3174 68 16 1
3175 68 16 1
3176 157 89 100
3177 157 89 100
3178 157 89 100
3179 37 27 1
3180 37 27 1
3181 37 27 1
3182 37 27 1
3183 37 27 1
3184 37 27 1
3185 37 27 1
3186 37 27 1
3187 37 27 1
3188 37 27 1
3189 37 27 1
3190 37 27 1
3191 37 27 1
3192 37 27 1
3193 37 27 1
3194 37 27 1
3195 37 27 1
3196 37 27 1
3197 37 27 1
3198 37 27 1
3199 37 27 1
3200 49 2 10
3201 49 2 10
3202 49 2 10
3203 49 2 10
3204 49 2 10
3205 49 2 10
3206 49 2 10
3207 49 2 10
3208 49 2 10
3209 49 2 10
3210 28 81 2.5
3211 28 81 2.5
3212 28 81 2.5
3213 70 141 10
3214 83 18 10
3215 83 18 10
3216 40 27 10
3217 40 27 10
3218 40 27 10
3219 40 27 10
3220 40 27 10
3221 40 27 10
3222 33 34 2.5
3223 33 34 2.5
3224 33 34 2.5
3225 33 34 2.5
3226 33 34 2.5
3227 33 34 2.5
3228 33 34 2.5
3229 33 34 2.5
3230 70 146 2.5
3231 70 146 2.5
3232 63 102 1
3233 63 102 1
3234 63 102 1
3235 63 102 1
3236 63 102 1
3237 63 102 1
3238 63 102 1
3239 63 102 1
3240 79 71 1
3241 79 71 1
3242 79 71 1
3243 79 71 1
3244 79 71 1
3245 79 71 1
3246 79 71 1
3247 79 71 1
3248 79 71 1
3249 79 71 1
3250 79 71 1
3251 79 71 1
3252 79 71 1
3253 79 71 1
3254 79 71 1
3255 79 71 1
3256 79 71 1
3257 79 71 1
3258 22 121 2.5
3259 22 121 2.5
3260 22 121 2.5
3261 22 121 2.5
3262 22 121 2.5
3263 22 121 2.5
3264 22 121 2.5
3265 17 162 10
3266 17 162 10
3267 17 162 10
3268 17 162 10
3269 17 162 10
3270 17 162 10
3271 17 162 10
3272 172 100 1
3273 172 100 1
3274 172 100 1
3275 172 100 1
3276 172 100 1
3277 172 100 1
3278 172 100 1
3279 172 100 1
3280 172 100 1
3281 172 100 1
3282 172 100 1
3283 172 100 1
3284 172 100 1
3285 172 100 1
3286 172 100 1
3287 172 100 1
3288 172 100 1
3289 172 100 1
3290 172 100 1
3291 172 100 1
3292 172 100 1
3293 172 100 1
3294 91 160 10
3295 91 160 10
3296 91 160 10
3297 117 83 1
3298 117 83 1
3299 117 83 1
3300 117 83 1
3301 117 83 1
3302 117 83 1
3303 117 83 1
3304 117 83 1
3305 117 83 1
3306 117 83 1
3307 117 83 1
3308 117 83 1
3309 117 83 1
3310 117 83 1
3311 117 83 1
3312 117 83 1
3313 60 141 2.5
3314 60 141 2.5
3315 60 141 2.5
3316 60 141 2.5
3317 5 101 10
3318 5 101 10
3319 5 101 10
3320 5 101 10
3321 5 101 10
3322 5 101 10
3323 5 101 10
3324 66 75 1
3325 66 75 1
3326 66 75 1
3327 66 75 1
3328 66 75 1
3329 66 75 1
3330 66 75 1
3331 66 75 1
3332 66 75 1
3333 93 94 10
3334 93 94 10
3335 131 9 10
3336 131 9 10
3337 131 9 10
3338 131 9 10
3339 131 9 10
3340 131 9 10
3341 27 143 10
3342 27 143 10
3343 27 143 10
3344 27 143 10
3345 27 143 10
3346 78 15 10
3347 78 15 10
3348 78 15 10
3349 35 93 1
3350 35 93 1
3351 35 93 1
3352 35 93 1
3353 35 93 1
3354 35 93 1
3355 35 93 1
3356 35 93 1
3357 35 93 1
3358 35 93 1
3359 35 93 1
3360 35 93 1
3361 35 93 1
3362 35 93 1
3363 35 93 1
3364 35 93 1
3365 35 93 1
3366 35 93 1
3367 35 93 1
3368 35 93 1
3369 35 93 1
3370 18 160 1
3371 18 160 1
3372 18 160 1
3373 18 160 1
3374 18 160 1
3375 18 160 1
3376 18 160 1
3377 18 160 1
3378 18 160 1
3379 18 160 1
3380 18 160 1
3381 18 160 1
3382 18 160 1
3383 18 160 1
3384 18 160 1
3385 18 160 1
3386 18 116 40
3387 141 47 1
3388 141 47 1
3389 141 47 1
3390 141 47 1
3391 141 47 1
3392 141 47 1
3393 141 47 1
3394 141 47 1
3395 141 47 1
3396 141 47 1
3397 141 47 1
3398 141 47 1
3399 125 41 2.5
3400 125 41 2.5
3401 137 143 1
3402 137 143 1
3403 137 143 1
3404 137 143 1
3405 137 143 1
3406 137 143 1
3407 137 143 1
3408 137 143 1
3409 137 143 1
3410 137 143 1
3411 137 143 1
3412 137 143 1
3413 137 143 1
3414 116 132 1
3415 116 132 1
3416 116 132 1
3417 116 132 1
3418 116 132 1
3419 116 132 1
3420 116 132 1
3421 116 132 1
3422 116 132 1
3423 116 132 1
3424 116 132 1
3425 116 132 1
3426 116 132 1
3427 51 106 10
3428 51 106 10
3429 51 106 10
3430 51 106 10
3431 51 106 10
3432 51 106 10
3433 51 106 10
3434 109 74 1
3435 109 74 1
3436 109 74 1
3437 109 74 1
3438 109 74 1
3439 109 74 1
3440 109 74 1
3441 109 74 1
3442 109 74 1
3443 109 74 1
3444 109 74 1
3445 109 74 1
3446 109 74 1
3447 109 74 1
3448 146 148 2.5
3449 146 148 2.5
3450 146 148 2.5
3451 146 148 2.5
3452 146 148 2.5
3453 146 148 2.5
3454 146 148 2.5
3455 174 93 2.5
3456 174 93 2.5
3457 174 93 2.5
3458 174 93 2.5
3459 174 93 2.5
3460 174 93 2.5
3461 174 93 2.5
3462 174 93 2.5
3463 61 141 2.5
3464 61 141 2.5
3465 61 141 2.5
3466 61 141 2.5
3467 61 141 2.5
3468 61 141 2.5
3469 61 141 2.5
3470 61 141 2.5
3471 61 141 2.5
3472 61 141 2.5
3473 39 110 1
3474 39 110 1
3475 39 110 1
3476 39 110 1
3477 39 110 1
3478 39 110 1
3479 39 110 1
3480 39 110 1
3481 39 110 1
3482 72 125 10
3483 72 125 10
3484 72 125 10
3485 161 113 1
3486 161 113 1
3487 161 113 1
3488 161 113 1
3489 161 113 1
3490 161 113 1
3491 161 113 1
3492 161 113 1
3493 161 113 1
3494 161 113 1
3495 161 113 1
3496 161 113 1
3497 161 113 1
3498 161 113 1
3499 161 113 1
3500 161 113 1
3501 161 113 1
3502 39 87 1
3503 39 87 1
3504 39 87 1
3505 39 87 1
3506 39 87 1
3507 39 87 1
3508 39 87 1
3509 39 87 1
3510 39 87 1
3511 39 87 1
3512 39 87 1
3513 39 87 1
3514 39 87 1
3515 39 87 1
3516 39 87 1
3517 39 87 1
3518 39 87 1
3519 39 87 1
3520 39 87 1
3521 36 159 1
3522 36 159 1
3523 36 159 1
3524 36 159 1
3525 36 159 1
3526 36 159 1
3527 36 159 1
3528 36 159 1
3529 36 159 1
3530 36 159 1
3531 36 159 1
3532 36 159 1
3533 36 159 1
3534 73 66 1
3535 73 66 1
3536 73 66 1
3537 73 66 1
3538 73 66 1
3539 73 66 1
3540 73 66 1
3541 73 66 1
3542 73 66 1
3543 73 66 1
3544 73 66 1
3545 73 66 1
3546 73 66 1
3547 73 66 1
3548 73 66 1
3549 33 138 1
3550 33 138 1
3551 33 138 1
3552 33 138 1
3553 33 138 1
3554 33 138 1
3555 33 138 1
3556 33 138 1
3557 33 138 1
3558 33 138 1
3559 33 138 1
3560 33 138 1
3561 33 138 1
3562 33 138 1
3563 33 138 1
3564 33 138 1
3565 33 138 1
3566 33 138 1
3567 33 138 1
3568 33 138 1
3569 27 75 1
3570 27 75 1
3571 27 75 1
3572 27 75 1
3573 27 75 1
3574 27 75 1
3575 27 75 1
3576 27 75 1
3577 27 75 1
3578 27 75 1
3579 102 122 1
3580 102 122 1
3581 102 122 1
3582 102 122 1
3583 102 122 1
3584 102 122 1
3585 102 122 1
3586 102 122 1
3587 102 122 1
3588 102 122 1
3589 102 122 1
3590 102 122 1
3591 150 59 10
3592 150 59 10
3593 150 59 10
3594 150 59 10
3595 150 59 10
3596 72 44 10
3597 72 44 10
3598 72 44 10
3599 72 44 10
3600 45 97 10
3601 45 97 10
3602 45 97 10
3603 45 97 10
3604 45 97 10
3605 45 97 10
3606 72 100 1
3607 72 100 1
3608 72 100 1
3609 72 100 1
3610 72 100 1
3611 72 100 1
3612 72 100 1
3613 72 100 1
3614 72 100 1
3615 72 100 1
3616 72 100 1
3617 72 100 1
3618 72 100 1
3619 72 100 1
3620 72 100 1
3621 72 100 1
3622 72 100 1
3623 72 100 1
3624 153 11 10
3625 153 11 10
3626 96 142 2.5
3627 96 142 2.5
3628 106 78 2.5
3629 106 78 2.5
3630 106 78 2.5
3631 106 78 2.5
3632 106 78 2.5
3633 106 78 2.5
3634 106 78 2.5
3635 25 150 10
3636 25 150 10
3637 25 150 10
3638 25 150 10
3639 25 150 10
3640 25 150 10
3641 25 150 10
3642 76 78 1
3643 76 78 1
3644 76 78 1
3645 76 78 1
3646 76 78 1
3647 76 78 1
3648 169 93 10
3649 169 93 10
3650 169 93 10
3651 139 73 2.5
3652 139 73 2.5
3653 139 73 2.5
3654 139 73 2.5
3655 139 73 2.5
3656 139 73 2.5
3657 139 73 2.5
3658 139 73 2.5
3659 139 73 2.5
3660 139 73 2.5
3661 92 1 1
3662 92 1 1
3663 92 1 1
3664 92 1 1
3665 92 1 1
3666 92 1 1
3667 92 1 1
3668 92 1 1
3669 92 1 1
3670 92 1 1
3671 92 1 1
3672 92 1 1
3673 92 1 1
3674 92 1 1
3675 92 1 1
3676 92 1 1
3677 92 1 1
3678 92 1 1
3679 92 1 1
3680 92 1 1
3681 39 71 1
3682 39 71 1
3683 39 71 1
3684 39 71 1
3685 39 71 1
3686 39 71 1
3687 39 71 1
3688 39 71 1
3689 39 71 1
3690 39 71 1
3691 39 71 1
3692 39 71 1
3693 39 71 1
3694 39 71 1
3695 39 71 1
3696 39 71 1
3697 39 71 1
3698 39 71 1
3699 39 71 1
3700 39 71 1
3701 39 71 1
3702 46 26 1
3703 46 26 1
3704 46 26 1
3705 46 26 1
3706 46 26 1
3707 46 26 1
3708 46 26 1
3709 46 26 1
3710 46 26 1
3711 46 26 1
3712 46 26 1
3713 46 26 1
3714 46 26 1
3715 46 26 1
3716 46 26 1
3717 46 26 1
3718 46 26 1
3719 46 26 1
3720 46 26 1
3721 46 26 1
3722 46 26 1
3723 99 101 10
3724 99 101 10
3725 66 144 10
3726 66 144 10
3727 66 144 10
3728 66 144 10
3729 17 85 1
3730 17 85 1
3731 17 85 1
3732 17 85 1
3733 17 85 1
3734 17 85 1
3735 17 85 1
3736 17 85 1
3737 17 85 1
3738 17 85 1
3739 17 85 1
3740 17 85 1
3741 17 85 1
3742 17 85 1
3743 17 85 1
3744 17 85 1
3745 17 85 1
3746 17 85 1
3747 17 85 1
3748 17 85 1
3749 17 85 1
3750 145 37 1
3751 145 37 1
3752 145 37 1
3753 145 37 1
3754 145 37 1
3755 145 37 1
3756 145 37 1
3757 145 37 1
3758 145 37 1
3759 145 37 1
3760 145 37 1
3761 145 37 1
3762 145 37 1
3763 145 37 1
3764 76 85 10
3765 76 85 10
3766 76 85 10
3767 149 150 2.5
3768 149 150 2.5
3769 149 150 2.5
3770 149 150 2.5
3771 149 150 2.5
3772 149 150 2.5
3773 149 150 2.5
3774 162 1 10
3775 162 1 10
3776 71 27 10
3777 71 27 10
3778 102 29 10
3779 102 29 10
3780 102 29 10
3781 102 29 10
3782 102 29 10
3783 103 138 10
3784 103 138 10
3785 103 138 10
3786 162 80 10
3787 162 80 10
3788 162 80 10
3789 162 80 10
3790 162 80 10
3791 162 80 10
3792 162 80 10
3793 162 80 10
3794 162 80 10
3795 162 80 10
3796 48 36 10
3797 48 36 10
3798 48 36 10
3799 48 36 10
3800 48 36 10
3801 48 36 10
3802 48 36 10
3803 48 36 10
3804 48 36 10
3805 75 115 1
3806 75 115 1
3807 75 115 1
3808 75 115 1
3809 75 115 1
3810 75 115 1
3811 75 115 1
3812 75 115 1
3813 75 115 1
3814 75 115 1
3815 75 115 1
3816 75 115 1
3817 75 115 1
3818 75 115 1
3819 75 115 1
3820 29 76 1
3821 29 76 1
3822 29 76 1
3823 29 76 1
3824 29 76 1
3825 68 122 10
3826 68 122 10
3827 68 122 10
3828 68 122 10
3829 141 16 1
3830 141 16 1
3831 141 16 1
3832 141 16 1
3833 141 16 1
3834 141 16 1
3835 141 16 1
3836 141 16 1
3837 49 65 10
3838 14 55 10
3839 14 55 10
3840 14 55 10
3841 8 40 100
3842 8 40 100
3843 35 73 1
3844 35 73 1
3845 35 73 1
3846 35 73 1
3847 35 73 1
3848 35 73 1
3849 35 73 1
3850 35 73 1
3851 62 66 10
3852 62 66 10
3853 62 66 10
3854 62 66 10
3855 62 66 10
3856 62 66 10
3857 62 66 10
3858 62 66 10
3859 62 66 10
3860 62 66 10
3861 174 45 2.5
3862 174 45 2.5
3863 174 45 2.5
3864 174 45 2.5
3865 174 45 2.5
3866 174 45 2.5
3867 174 45 2.5
3868 174 45 2.5
3869 174 45 2.5
3870 174 45 2.5
3871 174 45 2.5
3872 161 68 2.5
3873 161 68 2.5
3874 58 50 1
3875 58 50 1
3876 58 50 1
3877 58 50 1
3878 58 50 1
3879 58 50 1
3880 58 50 1
3881 58 50 1
3882 58 50 1
3883 58 50 1
3884 58 50 1
3885 58 50 1
3886 58 50 1
3887 58 50 1
3888 58 50 1
3889 58 50 1
3890 55 141 10
3891 55 141 10
3892 55 141 10
3893 55 141 10
3894 55 141 10
3895 55 141 10
3896 55 141 10
3897 55 141 10
3898 55 141 10
3899 141 65 1
3900 141 65 1
3901 141 65 1
3902 141 65 1
3903 141 65 1
3904 141 65 1
3905 143 109 2.5
3906 143 109 2.5
3907 143 109 2.5
3908 143 109 2.5
3909 143 109 2.5
3910 143 109 2.5
3911 143 109 2.5
3912 143 109 2.5
3913 143 109 2.5
3914 50 100 1
3915 50 100 1
3916 50 100 1
3917 50 100 1
3918 50 100 1
3919 50 100 1
3920 50 100 1
3921 12 15 1
3922 12 15 1
3923 12 15 1
3924 12 15 1
3925 12 15 1
3926 12 15 1
3927 12 15 1
3928 12 15 1
3929 12 15 1
3930 12 15 1
3931 12 15 1
3932 12 15 1
3933 132 139 1
3934 132 139 1
3935 132 139 1
3936 132 139 1
3937 132 139 1
3938 132 139 1
3939 132 139 1
3940 132 139 1
3941 132 139 1
3942 132 139 1
3943 132 139 1
3944 132 139 1
3945 132 139 1
3946 132 139 1
3947 132 139 1
3948 38 34 100
3949 38 34 100
3950 38 34 100
3951 38 34 100
3952 1 101 10
3953 114 112 1
3954 114 112 1
3955 114 112 1
3956 114 112 1
3957 114 112 1
3958 114 112 1
3959 114 112 1
3960 114 112 1
3961 114 112 1
3962 114 112 1
3963 114 112 1
3964 114 112 1
3965 114 112 1
3966 114 112 1
3967 114 112 1
3968 20 121 1
3969 20 121 1
3970 20 121 1
3971 20 121 1
3972 20 121 1
3973 20 121 1
3974 20 121 1
3975 20 121 1
3976 20 121 1
3977 20 121 1
3978 20 121 1
3979 20 121 1
3980 20 121 1
3981 20 121 1
3982 20 121 1
3983 20 121 1
3984 20 121 1
3985 20 121 1
3986 20 121 1
3987 20 121 1
3988 19 3 10
3989 19 3 10
3990 152 36 1
3991 152 36 1
3992 152 36 1
3993 152 36 1
3994 152 36 1
3995 152 36 1
3996 152 36 1
3997 152 36 1
3998 152 36 1
3999 152 36 1
4000 156 160 1
4001 156 160 1
4002 156 160 1
4003 156 160 1
4004 156 160 1
4005 156 160 1
4006 156 160 1
4007 156 160 1
4008 156 160 1
4009 156 160 1
4010 156 160 1
4011 154 145 10
4012 154 145 10
4013 154 145 10
4014 154 145 10
4015 154 145 10
4016 154 145 10
4017 154 145 10
4018 154 145 10
4019 64 103 1
4020 64 103 1
4021 64 103 1
4022 64 103 1
4023 64 103 1
4024 64 103 1
4025 64 103 1
4026 64 103 1
4027 64 103 1
4028 64 103 1
4029 64 103 1
4030 64 103 1
4031 64 103 1
4032 64 103 1
4033 64 103 1
4034 64 103 1
4035 64 103 1
4036 64 103 1
4037 64 103 1
4038 64 103 1
4039 64 103 1
4040 92 127 10
4041 92 127 10
4042 92 127 10
4043 92 127 10
4044 92 127 10
4045 92 127 10
4046 92 127 10
4047 92 127 10
4048 124 49 10
4049 101 155 1
4050 101 155 1
4051 101 155 1
4052 101 155 1
4053 101 155 1
4054 101 155 1
4055 101 155 1
4056 101 155 1
4057 101 155 1
4058 134 108 1
4059 134 108 1
4060 134 108 1
4061 134 108 1
4062 134 108 1
4063 134 108 1
4064 134 108 1
4065 134 108 1
4066 134 108 1
4067 134 108 1
4068 134 108 1
4069 134 108 1
4070 134 108 1
4071 134 108 1
4072 134 108 1
4073 134 108 1
4074 134 108 1
4075 134 108 1
4076 134 108 1
4077 134 108 1
4078 138 143 2.5
4079 138 143 2.5
4080 138 143 2.5
4081 138 143 2.5
4082 98 16 1
4083 98 16 1
4084 98 16 1
4085 98 16 1
4086 98 16 1
4087 51 122 10
4088 51 122 10
4089 32 143 1
4090 32 143 1
4091 32 143 1
4092 32 143 1
4093 32 143 1
4094 32 143 1
4095 32 143 1
4096 32 143 1
4097 32 143 1
4098 32 143 1
4099 32 143 1
4100 32 143 1
4101 32 143 1
4102 32 143 1
4103 32 143 1
4104 32 143 1
4105 32 143 1
4106 32 143 1
4107 32 143 1
4108 32 143 1
4109 32 143 1
4110 158 29 1
4111 158 29 1
4112 158 29 1
4113 158 29 1
4114 158 29 1
4115 158 29 1
4116 158 29 1
4117 158 29 1
4118 158 29 1
4119 158 29 1
4120 87 63 1
4121 87 63 1
4122 87 63 1
4123 87 63 1
4124 87 63 1
4125 87 63 1
4126 87 63 1
4127 87 63 1
4128 87 63 1
4129 36 51 1
4130 36 51 1
4131 36 51 1
4132 36 51 1
4133 36 51 1
4134 63 141 10
4135 63 141 10
4136 63 141 10
4137 63 141 10
4138 63 141 10
4139 63 141 10
4140 63 141 10
4141 63 141 10
4142 63 141 10
4143 63 141 10
4144 155 39 1
4145 155 39 1
4146 155 39 1
4147 155 39 1
4148 155 39 1
4149 155 39 1
4150 155 39 1
4151 155 39 1
4152 155 39 1
4153 155 39 1
4154 155 39 1
4155 155 39 1
4156 155 39 1
4157 16 155 10
4158 16 155 10
4159 16 155 10
4160 16 155 10
4161 16 155 10
4162 16 155 10
4163 16 155 10
4164 16 155 10
4165 16 155 10
4166 174 145 2.5
4167 174 145 2.5
4168 174 145 2.5
4169 174 145 2.5
4170 174 145 2.5
4171 174 145 2.5
4172 174 145 2.5
4173 174 145 2.5
4174 174 145 2.5
4175 174 145 2.5
4176 174 145 2.5
4177 174 145 2.5
4178 129 91 2.5
4179 129 91 2.5
4180 129 91 2.5
4181 129 91 2.5
4182 129 91 2.5
4183 129 91 2.5
4184 129 91 2.5
4185 126 37 1
4186 126 37 1
4187 126 37 1
4188 126 37 1
4189 126 37 1
4190 4 133 2.5
4191 4 133 2.5
4192 4 133 2.5
4193 4 133 2.5
4194 4 133 2.5
4195 4 133 2.5
4196 4 133 2.5
4197 4 133 2.5
4198 4 133 2.5
4199 4 133 2.5
4200 20 149 10
4201 20 149 10
4202 20 149 10
4203 20 149 10
4204 20 149 10
4205 20 149 10
4206 20 149 10
4207 20 149 10
4208 20 149 10
4209 168 134 10
4210 168 134 10
4211 168 134 10
4212 168 134 10
4213 168 134 10
4214 168 134 10
4215 128 148 1
4216 128 148 1
4217 128 148 1
4218 128 148 1
4219 128 148 1
4220 128 148 1
4221 128 148 1
4222 128 148 1
4223 128 148 1
4224 128 148 1
4225 128 148 1
4226 128 148 1
4227 128 148 1
4228 128 148 1
4229 128 148 1
4230 128 148 1
4231 128 148 1
4232 128 148 1
4233 128 148 1
4234 136 119 1
4235 136 119 1
4236 136 119 1
4237 136 119 1
4238 136 119 1
4239 136 119 1
4240 136 119 1
4241 136 119 1
4242 136 119 1
4243 136 119 1
4244 136 119 1
4245 136 119 1
4246 136 119 1
4247 136 119 1
4248 136 119 1
4249 136 119 1
4250 136 119 1
4251 136 119 1
4252 152 171 1
4253 152 171 1
4254 152 171 1
4255 152 171 1
4256 152 171 1
4257 152 171 1
4258 152 171 1
4259 152 171 1
4260 152 171 1
4261 152 171 1
4262 62 164 2.5
4263 62 164 2.5
4264 62 164 2.5
4265 62 164 2.5
4266 62 164 2.5
4267 62 164 2.5
4268 62 164 2.5
4269 62 164 2.5
4270 62 164 2.5
4271 62 164 2.5
4272 62 164 2.5
4273 123 47 1
4274 123 47 1
4275 123 47 1
4276 123 47 1
4277 123 47 1
4278 123 47 1
4279 123 47 1
4280 123 47 1
4281 123 47 1
4282 173 137 1
4283 173 137 1
4284 173 137 1
4285 173 137 1
4286 173 137 1
4287 173 137 1
4288 52 22 1
4289 52 22 1
4290 52 22 1
4291 52 22 1
4292 52 22 1
4293 52 22 1
4294 52 22 1
4295 52 22 1
4296 52 22 1
4297 80 71 1
4298 80 71 1
4299 80 71 1
4300 80 71 1
4301 80 71 1
4302 80 71 1
4303 80 71 1
4304 80 71 1
4305 80 71 1
4306 80 71 1
4307 80 71 1
4308 80 71 1
4309 80 71 1
4310 80 71 1
4311 80 71 1
4312 80 71 1
4313 80 71 1
4314 80 71 1
4315 80 71 1
4316 80 71 1
4317 80 71 1
4318 110 151 10
4319 110 151 10
4320 110 151 10
4321 110 151 10
4322 110 151 10
4323 110 151 10
4324 110 151 10
4325 110 151 10
4326 69 28 1
4327 69 28 1
4328 69 28 1
4329 69 28 1
4330 69 28 1
4331 96 19 10
4332 151 115 1
4333 151 115 1
4334 151 115 1
4335 151 115 1
4336 151 115 1
4337 151 115 1
4338 151 115 1
4339 151 115 1
4340 158 13 1
4341 158 13 1
4342 158 13 1
4343 158 13 1
4344 158 13 1
4345 158 13 1
4346 160 83 1
4347 160 83 1
4348 160 83 1
4349 160 83 1
4350 160 83 1
4351 160 83 1
4352 160 83 1
4353 160 83 1
4354 160 83 1
4355 160 83 1
4356 160 83 1
4357 160 83 1
4358 160 83 1
4359 160 83 1
4360 42 95 10
4361 42 95 10
4362 42 95 10
4363 42 95 10
4364 42 95 10
4365 42 95 10
4366 42 95 10
4367 58 53 100
4368 58 53 100
4369 58 53 100
4370 58 53 100
4371 7 148 1
4372 7 148 1
4373 7 148 1
4374 7 148 1
4375 7 148 1
4376 7 148 1
4377 7 148 1
4378 7 148 1
4379 7 148 1
4380 7 148 1
4381 7 148 1
4382 7 148 1
4383 7 148 1
4384 7 148 1
4385 7 148 1
4386 7 148 1
4387 7 148 1
4388 7 148 1
4389 7 148 1
4390 107 137 10
4391 38 152 1
4392 38 152 1
4393 38 152 1
4394 38 152 1
4395 38 152 1
4396 38 152 1
4397 38 152 1
4398 38 152 1
4399 38 152 1
4400 159 76 1
4401 159 76 1
4402 159 76 1
4403 159 76 1
4404 159 76 1
4405 159 76 1
4406 159 76 1
4407 159 76 1
4408 159 76 1
4409 159 76 1
4410 159 76 1
4411 28 29 10
4412 28 29 10
4413 28 29 10
4414 28 29 10
4415 28 29 10
4416 28 29 10
4417 28 29 10
4418 28 29 10
4419 28 29 10
4420 162 1 1
4421 162 1 1
4422 162 1 1
4423 162 1 1
4424 162 1 1
4425 162 1 1
4426 162 1 1
4427 162 1 1
4428 162 1 1
4429 162 1 1
4430 162 1 1
4431 162 1 1
4432 162 1 1
4433 162 1 1
4434 162 1 1
4435 162 1 1
4436 162 1 1
4437 162 1 1
4438 162 1 1
4439 162 1 1
4440 162 1 1
4441 45 138 10
4442 45 138 10
4443 45 138 10
4444 72 130 10
4445 72 130 10
4446 72 130 10
4447 72 130 10
4448 72 130 10
4449 72 130 10
4450 72 130 10
4451 72 130 10
4452 72 130 10
4453 31 163 1
4454 31 163 1
4455 31 163 1
4456 31 163 1
4457 31 163 1
4458 31 163 1
4459 19 100 100
4460 19 100 100
4461 78 121 1
4462 78 121 1
4463 78 121 1
4464 78 121 1
4465 78 121 1
4466 143 9 1
4467 143 9 1
4468 143 9 1
4469 143 9 1
4470 143 9 1
4471 143 9 1
4472 143 9 1
4473 143 9 1
4474 143 9 1
4475 143 9 1
4476 143 9 1
4477 143 9 1
4478 143 9 1
4479 143 9 1
4480 28 69 2.5
4481 28 69 2.5
4482 28 69 2.5
4483 28 69 2.5
4484 28 69 2.5
4485 28 69 2.5
4486 54 142 10
4487 54 142 10
4488 10 168 1
4489 10 168 1
4490 10 168 1
4491 10 168 1
4492 10 168 1
4493 10 168 1
4494 10 168 1
4495 10 168 1
4496 10 168 1
4497 10 168 1
4498 10 168 1
4499 100 9 1
4500 100 9 1
4501 100 9 1
4502 100 9 1
4503 100 9 1
4504 100 9 1
4505 100 9 1
4506 100 9 1
4507 100 9 1
4508 100 9 1
4509 100 9 1
4510 100 9 1
4511 100 9 1
4512 100 54 2.5
4513 100 54 2.5
4514 100 54 2.5
4515 100 54 2.5
4516 100 54 2.5
4517 100 54 2.5
4518 100 54 2.5
4519 100 54 2.5
4520 100 54 2.5
4521 161 173 1
4522 161 173 1
4523 161 173 1
4524 161 173 1
4525 161 173 1
4526 161 173 1
4527 161 173 1
4528 161 173 1
4529 161 173 1
4530 161 173 1
4531 161 173 1
4532 152 50 10
4533 152 50 10
4534 152 50 10
4535 152 50 10
4536 152 50 10
4537 152 50 10
4538 152 50 10
4539 152 50 10
4540 152 50 10
4541 2 170 10
4542 2 170 10
4543 2 170 10
4544 2 170 10
4545 2 170 10
4546 106 172 1
4547 106 172 1
4548 106 172 1
4549 106 172 1
4550 106 172 1
4551 106 172 1
4552 51 170 10
4553 51 170 10
4554 51 170 10
4555 51 170 10
4556 51 170 10
4557 51 170 10
4558 9 15 2.5
4559 9 15 2.5
4560 9 15 2.5
4561 9 15 2.5
4562 9 15 2.5
4563 9 15 2.5
4564 9 15 2.5
4565 9 15 2.5
4566 74 141 10
4567 74 141 10
4568 74 141 10
4569 74 141 10
4570 74 141 10
4571 74 141 10
4572 74 141 10
4573 74 141 10
4574 74 141 10
4575 158 26 2.5
4576 158 26 2.5
4577 158 26 2.5
4578 158 26 2.5
4579 158 26 2.5
4580 91 3 1
4581 91 3 1
4582 91 3 1
4583 91 3 1
4584 91 3 1
4585 91 3 1
4586 91 3 1
4587 91 3 1
4588 91 3 1
4589 91 3 1
4590 91 3 1
4591 91 3 1
4592 91 3 1
4593 91 3 1
4594 91 3 1
4595 28 121 1
4596 28 121 1
4597 28 121 1
4598 28 121 1
4599 28 121 1
4600 28 121 1
4601 28 121 1
4602 28 121 1
4603 28 121 1
4604 28 121 1
4605 28 121 1
4606 28 121 1
4607 28 121 1
4608 28 121 1
4609 28 121 1
4610 28 121 1
4611 28 121 1
4612 28 121 1
4613 28 121 1
4614 144 90 2.5
4615 144 90 2.5
4616 144 90 2.5
4617 48 125 2.5
4618 48 125 2.5
4619 48 125 2.5
4620 48 125 2.5
4621 48 125 2.5
4622 164 149 2.5
4623 164 149 2.5
4624 164 149 2.5
4625 164 149 2.5
4626 164 149 2.5
4627 164 149 2.5
4628 135 91 2.5
4629 135 91 2.5
4630 135 91 2.5
4631 135 91 2.5
4632 135 91 2.5
4633 43 148 2.5
4634 43 148 2.5
4635 43 148 2.5
4636 43 148 2.5
4637 44 28 10
4638 44 28 10
4639 44 28 10
4640 44 28 10
4641 44 28 10
4642 44 28 10
4643 160 8 10
4644 160 8 10
4645 160 8 10
4646 160 8 10
4647 160 8 10
4648 160 8 10
4649 160 8 10
4650 53 75 2.5
4651 53 75 2.5
4652 53 75 2.5
4653 53 75 2.5
4654 116 20 10
4655 116 20 10
4656 116 20 10
4657 116 20 10
4658 116 20 10
4659 116 20 10
4660 74 41 2.5
4661 108 55 10
4662 108 55 10
4663 108 55 10
4664 108 55 10
4665 37 54 1
4666 37 54 1
4667 37 54 1
4668 37 54 1
4669 37 54 1
4670 37 54 1
4671 37 54 1
4672 37 54 1
4673 37 54 1
4674 37 54 1
4675 37 54 1
4676 37 54 1
4677 12 13 2.5
4678 12 13 2.5
4679 12 13 2.5
4680 12 13 2.5
4681 12 13 2.5
4682 12 13 2.5
4683 12 13 2.5
4684 12 13 2.5
4685 12 13 2.5
4686 12 13 2.5
4687 12 13 2.5
4688 12 13 2.5
4689 12 13 2.5
4690 12 13 2.5
4691 12 13 2.5
4692 12 13 2.5
4693 12 13 2.5
4694 12 13 2.5
4695 12 13 2.5
4696 12 13 2.5
4697 12 13 2.5
4698 12 13 2.5
4699 12 13 2.5
4700 12 13 2.5
4701 12 13 2.5
4702 19 25 1
4703 19 25 1
4704 19 25 1
4705 19 25 1
4706 19 25 1
4707 19 25 1
4708 19 25 1
4709 19 25 1
4710 19 25 1
4711 19 25 1
4712 19 25 1
4713 19 25 1
4714 19 25 1
4715 19 25 1
4716 19 25 1
4717 19 25 1
4718 19 25 1
4719 19 25 1
4720 19 25 1
4721 19 25 1
4722 19 25 1
4723 19 25 1
4724 19 25 1
4725 19 25 1
4726 19 25 1
4727 19 25 1
4728 19 25 1
4729 19 25 1
4730 19 25 1
4731 19 25 1
4732 19 25 1
4733 15 16 10
4734 15 16 10
4735 15 16 10
4736 15 16 10
4737 15 16 10
4738 15 16 10
4739 15 16 10
4740 15 16 10
4741 15 16 10
4742 15 16 10
4743 15 16 10
4744 15 16 10
4745 15 16 10
4746 15 16 10
4747 15 16 10
4748 15 16 10
4749 15 16 10
4750 15 16 10
4751 15 16 10
4752 15 16 10
4753 15 16 10
4754 72 108 1
4755 72 108 1
4756 72 108 1
4757 72 108 1
4758 72 108 1
4759 72 108 1
4760 72 108 1
4761 72 108 1
4762 72 108 1
4763 72 108 1
4764 49 38 40
4765 49 38 40
4766 49 38 40
4767 49 38 40
4768 49 38 40
4769 49 38 40
4770 75 158 1
4771 75 158 1
4772 75 158 1
4773 75 158 1
4774 75 158 1
4775 75 158 1
4776 75 158 1
4777 75 158 1
4778 157 158 1
4779 157 158 1
4780 157 158 1
4781 157 158 1
4782 157 158 1
4783 157 158 1
4784 157 158 1
4785 157 158 1
4786 155 156 1
4787 155 156 1
4788 155 156 1
4789 155 156 1
4790 155 156 1
4791 155 156 1
4792 155 156 1
4793 155 156 1
4794 155 156 1
4795 155 156 1
4796 155 156 1
4797 155 156 1
4798 155 156 1
4799 155 156 1
4800 155 156 1
4801 155 156 1
4802 155 156 1
4803 155 156 1
4804 155 156 1
4805 155 156 1
4806 155 156 1
4807 155 156 1
4808 155 156 1
4809 155 156 1
4810 155 156 1
4811 155 156 1
4812 155 156 1
