4812
1 1 17 1
2 1 17 1
3 1 17 1
4 1 17 1
5 1 17 1
6 1 17 1
7 1 17 1
8 1 6 1
9 1 6 10
10 1 6 10
11 1 6 10
12 1 6 10
13 1 11 10
14 1 11 10
15 1 11 10
16 1 11 10
17 1 16 10
18 1 16 10
19 1 16 10
20 1 16 10
21 2 65 10
22 2 65 10
23 2 65 1
24 2 65 1
25 2 65 1
26 2 65 1
27 2 65 1
28 2 65 1
29 2 65 1
30 2 65 1
31 2 65 1
32 2 65 1
33 2 97 1
34 2 97 1
35 2 97 1
36 2 97 1
37 2 97 1
38 2 97 1
39 2 97 10
40 2 97 10
41 2 97 1
42 2 97 1
43 2 97 1
44 2 97 1
45 2 97 1
46 2 97 1
47 2 97 1
48 5 8 1
49 5 7 10
50 5 7 10
51 5 7 10
52 5 7 100
53 5 7 100
54 5 7 100
55 5 7 100
56 5 7 100
57 5 7 100
58 5 7 100
59 5 7 100
60 5 7 100
61 5 7 100
62 5 7 1
63 5 7 1
64 5 7 1
65 5 7 1
66 5 7 1
67 5 58 1
68 5 58 1
69 5 58 1
70 5 94 10
71 5 94 10
72 5 94 10
73 5 74 10
74 5 74 10
75 5 74 10
76 5 24 10
77 5 24 1
78 5 24 1
79 5 24 1
80 5 24 1
81 5 24 1
82 5 143 1
83 5 143 1
84 5 143 1
85 5 143 10
86 5 143 10
87 5 143 10
88 5 143 10
89 5 143 1
90 5 143 10
91 5 6 10
92 5 6 10
93 5 6 1
94 5 6 1
95 5 6 1
96 5 6 1
97 5 6 10
98 5 6 10
99 5 6 10
100 5 6 2.5
101 5 6 2.5
102 5 6 2.5
103 5 6 2.5
104 5 6 2.5
105 5 6 2.5
106 5 6 2.5
107 5 6 2.5
108 5 6 1
109 5 6 1
110 5 6 1
111 5 6 1
112 5 6 1
113 5 6 1
114 5 6 1
115 5 6 1
116 5 6 10
117 5 6 10
118 5 6 10
119 5 6 10
120 5 6 10
121 5 6 10
122 5 6 10
123 5 6 10
124 5 6 10
125 5 6 10
126 5 6 10
127 5 6 10
128 5 6 1
129 5 6 1
130 5 6 1
131 5 6 1
132 5 6 1
133 5 6 1
134 5 6 1
135 5 6 1
136 5 6 1
137 5 6 1
138 5 6 1
139 5 6 1
140 5 6 1
141 5 6 1
142 5 6 1
143 5 6 1
144 5 6 10
145 5 6 10
146 5 6 10
147 5 6 10
148 5 6 10
149 5 6 10
150 5 6 10
151 5 6 10
152 5 6 10
153 5 6 10
154 5 6 10
155 5 6 10
156 5 6 10
157 5 6 1
158 5 6 10
159 5 6 10
160 5 6 10
161 5 6 10
162 5 6 10
163 5 6 10
164 5 6 10
165 5 6 10
166 5 6 10
167 5 6 10
168 5 11 10
169 5 11 10
170 5 11 10
171 5 11 10
172 5 11 10
173 5 11 10
174 5 11 1
175 5 11 1
176 5 11 10
177 5 11 10
178 5 11 10
179 5 11 1
180 5 11 1
181 5 11 1
182 5 11 1
183 5 11 1
184 5 11 1
185 5 11 1
186 5 11 1
187 5 11 1
188 5 11 1
189 5 11 1
190 5 11 1
191 5 11 10
192 5 18 10
193 5 18 10
194 5 18 10
195 5 18 10
196 5 143 10
197 5 143 10
198 5 16 10
199 5 16 1
200 5 16 1
201 5 16 1
202 5 16 1
203 5 16 1
204 5 16 1
205 5 16 1
206 5 16 1
207 5 16 10
208 5 16 10
209 5 16 10
210 5 16 1
211 5 16 1
212 5 16 1
213 5 16 1
214 5 16 1
215 5 16 1
216 5 16 1
217 5 16 1
218 6 54 1
219 6 54 1
220 6 54 1
221 6 54 1
222 6 54 1
223 6 22 1
224 6 22 1
225 6 22 1
226 6 22 1
227 6 8 1
228 6 8 1
229 6 8 1
230 6 8 1
231 6 8 1
232 6 8 1
233 6 8 1
234 6 23 1
235 6 23 1
236 6 23 1
237 6 23 1
238 6 23 1
239 6 23 1
240 6 23 1
241 6 23 1
242 6 93 10
243 6 93 10
244 6 93 10
245 6 93 10
246 6 10 10
247 6 10 10
248 6 10 10
249 6 10 10
250 6 10 10
251 6 21 1
252 6 21 1
253 6 21 1
254 6 21 1
255 6 21 1
256 6 43 1
257 6 43 1
258 6 43 1
259 6 43 1
260 6 43 1
261 6 43 1
262 6 43 1
263 6 43 1
264 6 43 1
265 6 43 1
266 6 43 1
267 6 43 10
268 6 43 10
269 6 43 10
270 6 43 10
271 6 43 10
272 6 143 10
273 6 143 10
274 6 143 1
275 6 143 1
276 6 143 1
277 6 143 10
278 6 143 10
279 6 143 10
280 6 143 10
281 6 143 10
282 6 143 10
283 6 143 10
284 6 143 2.5
285 6 143 2.5
286 6 143 1
287 6 143 2.5
288 6 143 2.5
289 6 143 2.5
290 6 143 2.5
291 6 143 2.5
292 6 143 100
293 6 143 100
294 6 143 100
295 6 143 100
296 6 143 10
297 6 143 10
298 6 143 10
299 6 143 1
300 6 143 1
301 6 143 1
302 6 143 2.5
303 6 143 2.5
304 6 143 1
305 6 143 1
306 6 143 1
307 6 143 1
308 6 143 1
309 6 143 1
310 6 143 1
311 6 143 10
312 6 143 10
313 6 143 10
314 6 143 10
315 6 143 1
316 6 143 1
317 6 143 1
318 6 143 1
319 6 143 2.5
320 6 143 2.5
321 6 143 1
322 6 143 1
323 6 143 1
324 6 143 1
325 6 143 1
326 6 143 1
327 6 143 1
328 6 143 1
329 6 143 1
330 6 143 1
331 6 143 10
332 6 143 10
333 6 143 10
334 6 143 1
335 6 61 1
336 6 61 1
337 6 61 1
338 6 61 1
339 6 52 10
340 6 52 10
341 6 52 10
342 6 52 1
343 6 52 1
344 6 52 1
345 6 52 10
346 6 52 10
347 6 16 10
348 6 16 10
349 6 16 10
350 6 16 10
351 6 16 10
352 6 16 1
353 6 16 10
354 6 16 10
355 6 16 10
356 6 16 2.5
357 6 16 2.5
358 6 16 10
359 6 16 10
360 6 16 10
361 6 16 10
362 6 16 1
363 6 16 1
364 6 16 10
365 6 16 10
366 6 16 2.5
367 6 16 2.5
368 6 16 10
369 6 16 10
370 6 16 10
371 6 16 10
372 6 16 1
373 6 16 1
374 6 16 1
375 6 16 10
376 6 16 10
377 6 16 10
378 6 16 1
379 6 16 1
380 6 16 1
381 6 16 2.5
382 6 16 2.5
383 6 89 1
384 6 64 1
385 6 64 1
386 6 64 1
387 6 64 1
388 6 64 1
389 6 55 1
390 6 55 10
391 6 55 10
392 6 55 10
393 6 55 1
394 6 55 10
395 6 55 10
396 6 55 2.5
397 6 55 2.5
398 6 55 1
399 6 55 1
400 6 55 1
401 6 55 1
402 6 55 1
403 6 55 1
404 6 55 10
405 6 55 10
406 6 55 10
407 6 55 10
408 6 55 2.5
409 6 55 2.5
410 6 55 2.5
411 6 55 2.5
412 6 55 1
413 6 55 2.5
414 6 55 2.5
415 6 55 2.5
416 6 55 1
417 6 55 10
418 6 55 10
419 6 55 10
420 6 55 1
421 6 55 1
422 6 4 1
423 6 4 1
424 6 4 1
425 6 4 1
426 6 4 1
427 6 4 1
428 6 4 10
429 6 4 10
430 6 4 10
431 6 4 10
432 6 112 10
433 6 112 2.5
434 6 112 2.5
435 6 112 2.5
436 6 112 2.5
437 6 29 1
438 6 29 2.5
439 6 29 2.5
440 6 29 2.5
441 6 29 1
442 6 29 1
443 6 29 1
444 6 29 1
445 6 29 1
446 6 29 1
447 6 29 1
448 6 112 1
449 6 112 1
450 6 112 1
451 6 112 1
452 6 112 2.5
453 6 65 2.5
454 6 65 1
455 6 65 1
456 6 65 1
457 6 62 1
458 6 62 1
459 6 62 100
460 6 62 10
461 6 62 1
462 6 62 1
463 6 57 1
464 6 57 1
465 6 57 1
466 6 57 1
467 6 57 10
468 6 57 10
469 6 57 1
470 6 57 10
471 6 159 10
472 6 159 100
473 6 159 10
474 6 24 10
475 6 24 10
476 6 24 10
477 6 24 10
478 6 24 10
479 6 24 1
480 6 24 10
481 6 24 10
482 6 24 1
483 6 24 1
484 6 24 1
485 6 46 1
486 6 46 1
487 6 46 1
488 6 46 1
489 6 46 2.5
490 6 46 2.5
491 6 46 1
492 6 46 1
493 6 46 1
494 6 74 1
495 6 74 1
496 6 74 1
497 6 74 1
498 6 17 10
499 6 17 10
500 6 17 10
501 6 17 10
502 6 17 10
503 6 17 1
504 6 17 10
505 6 17 10
506 6 17 10
507 6 2 10
508 6 2 10
509 6 2 1
510 6 2 1
511 6 2 1
512 6 2 1
513 6 2 1
514 6 2 1
515 6 2 1
516 6 2 2.5
517 6 2 2.5
518 6 2 1
519 6 2 1
520 6 2 1
521 6 2 1
522 6 2 1
523 6 2 1
524 6 2 1
525 6 2 10
526 6 2 10
527 6 2 1
528 6 2 1
529 6 2 1
530 6 2 10
531 6 2 10
532 6 2 10
533 6 2 1
534 6 2 1
535 7 2 1
536 7 2 1
537 7 2 1
538 7 2 1
539 7 2 1
540 7 2 1
541 7 2 2.5
542 7 2 2.5
543 7 2 1
544 7 2 1
545 7 2 1
546 7 2 1
547 7 2 1
548 7 2 1
549 7 18 1
550 7 18 1
551 7 18 1
552 7 18 1
553 7 18 1
554 7 18 1
555 7 18 1
556 7 18 2.5
557 7 18 2.5
558 7 18 1
559 7 18 1
560 7 18 1
561 7 18 1
562 7 18 1
563 7 18 1
564 7 18 1
565 7 18 10
566 7 18 10
567 7 18 2.5
568 7 18 2.5
569 7 18 2.5
570 7 18 2.5
571 7 18 2.5
572 7 18 2.5
573 7 18 2.5
574 7 18 2.5
575 7 18 10
576 7 164 1
577 7 164 10
578 7 10 10
579 7 10 10
580 7 10 10
581 7 10 2.5
582 7 10 2.5
583 7 10 2.5
584 7 10 2.5
585 7 10 10
586 7 8 1
587 7 8 1
588 7 8 1
589 7 8 1
590 7 8 1
591 7 8 2.5
592 7 8 2.5
593 7 8 2.5
594 7 8 2.5
595 7 8 1
596 7 8 1
597 7 8 10
598 7 8 10
599 7 6 10
600 7 6 10
601 7 6 10
602 7 6 1
603 7 6 1
604 7 6 1
605 7 6 2.5
606 7 6 2.5
607 7 6 1
608 7 6 1
609 7 6 1
610 7 6 1
611 7 6 1
612 7 6 1
613 7 6 1
614 7 6 1
615 7 6 1
616 7 6 1
617 7 6 1
618 7 6 10
619 7 6 10
620 7 6 10
621 7 6 10
622 7 6 10
623 7 6 10
624 7 6 2.5
625 7 6 2.5
626 7 6 10
627 7 6 10
628 7 6 10
629 7 123 10
630 7 123 1
631 7 123 1
632 7 123 1
633 7 123 1
634 7 123 1
635 7 123 1
636 7 123 1
637 7 123 10
638 7 123 10
639 7 123 10
640 7 123 10
641 7 123 10
642 7 123 10
643 7 174 1
644 7 174 1
645 7 174 1
646 7 174 1
647 7 174 1
648 7 174 2.5
649 7 174 2.5
650 7 174 2.5
651 7 174 2.5
652 7 174 2.5
653 7 174 2.5
654 7 174 1
655 7 174 1
656 7 174 1
657 7 174 1
658 7 174 1
659 7 174 1
660 7 174 1
661 7 174 1
662 7 174 1
663 7 174 1
664 7 174 1
665 7 174 1
666 7 174 1
667 7 174 2.5
668 7 174 2.5
669 7 174 1
670 7 174 2.5
671 7 174 2.5
672 7 174 2.5
673 7 174 2.5
674 7 174 2.5
675 7 174 10
676 7 174 10
677 7 174 10
678 7 174 10
679 7 174 10
680 7 174 10
681 7 174 1
682 7 174 10
683 7 174 10
684 7 174 10
685 7 174 10
686 7 174 1
687 7 174 10
688 7 174 10
689 7 174 10
690 7 160 1
691 7 160 10
692 7 160 10
693 7 11 10
694 7 11 1
695 7 11 10
696 7 11 1
697 7 11 1
698 7 11 10
699 7 11 10
700 7 11 10
701 7 11 10
702 7 11 10
703 7 11 1
704 7 11 10
705 7 11 10
706 7 11 10
707 7 11 10
708 7 11 10
709 7 11 10
710 7 11 1
711 7 11 1
712 7 11 1
713 7 11 1
714 7 11 1
715 7 11 1
716 7 11 1
717 7 11 1
718 7 11 1
719 7 11 1
720 7 11 1
721 7 11 1
722 7 133 1
723 7 133 1
724 7 133 2.5
725 7 133 2.5
726 7 133 1
727 7 133 1
728 7 133 1
729 7 133 1
730 7 6 1
731 7 6 1
732 7 6 1
733 7 6 1
734 7 6 1
735 7 6 1
736 7 6 1
737 7 6 1
738 7 16 1
739 7 16 1
740 7 16 1
741 7 16 1
742 7 16 1
743 7 16 1
744 7 16 2.5
745 8 29 2.5
746 8 29 2.5
747 8 29 2.5
748 8 9 1
749 8 9 1
750 8 9 10
751 9 2 10
752 9 2 10
753 9 2 10
754 9 2 10
755 9 2 1
756 9 2 1
757 9 2 1
758 9 2 2.5
759 9 2 2.5
760 9 2 1
761 9 2 1
762 9 2 1
763 9 2 1
764 10 8 1
765 10 8 1
766 10 8 1
767 10 8 1
768 10 8 1
769 10 8 1
770 10 8 1
771 10 8 2.5
772 10 8 2.5
773 10 8 2.5
774 10 8 2.5
775 10 8 2.5
776 10 8 2.5
777 10 8 2.5
778 10 8 2.5
779 10 8 10
780 10 8 10
781 10 8 10
782 10 8 10
783 10 8 10
784 10 8 10
785 10 8 2.5
786 11 55 2.5
787 11 55 2.5
788 11 55 2.5
789 11 22 2.5
790 11 22 10
791 11 22 100
792 11 22 100
793 11 22 100
794 11 22 100
795 11 22 100
796 11 22 100
797 11 22 1
798 11 22 1
799 11 22 1
800 11 22 1
801 11 22 2.5
802 11 22 2.5
803 11 22 2.5
804 11 4 2.5
805 11 4 2.5
806 11 4 1
807 11 23 10
808 11 23 10
809 11 23 10
810 11 23 2.5
811 11 23 2.5
812 11 23 2.5
813 11 23 2.5
814 11 23 2.5
815 11 23 2.5
816 11 23 2.5
817 11 23 2.5
818 11 23 10
819 11 23 10
820 11 23 10
821 11 23 10
822 11 8 2.5
823 11 8 2.5
824 11 8 2.5
825 11 8 2.5
826 11 8 2.5
827 11 8 1
828 11 101 1
829 11 101 1
830 11 101 1
831 11 8 1
832 11 8 1
833 11 8 1
834 11 8 10
835 11 8 10
836 11 8 10
837 11 8 10
838 11 8 10
839 11 8 10
840 11 8 10
841 11 8 10
842 11 8 10
843 11 8 10
844 11 8 10
845 11 8 10
846 11 8 1
847 11 8 1
848 11 8 1
849 11 8 1
850 11 8 1
851 11 8 1
852 11 8 1
853 11 8 1
854 11 8 1
855 11 8 1
856 11 8 1
857 11 8 1
858 11 8 1
859 11 8 2.5
860 11 8 2.5
861 11 8 1
862 11 8 1
863 11 8 1
864 11 8 1
865 11 8 1
866 11 8 1
867 11 8 2.5
868 11 8 2.5
869 11 8 2.5
870 11 8 2.5
871 11 8 2.5
872 11 8 2.5
873 11 8 2.5
874 11 8 2.5
875 11 16 1
876 11 16 2.5
877 11 16 2.5
878 11 16 2.5
879 11 16 2.5
880 11 16 2.5
881 11 16 2.5
882 11 16 2.5
883 11 16 2.5
884 11 16 10
885 11 16 10
886 11 16 10
887 11 16 10
888 11 64 10
889 11 64 2.5
890 11 64 2.5
891 11 2 2.5
892 11 2 2.5
893 11 2 2.5
894 11 2 10
895 11 2 10
896 11 2 10
897 11 2 10
898 11 2 10
899 11 2 10
900 11 2 10
901 11 2 1
902 11 2 1
903 11 2 1
904 11 2 1
905 11 2 1
906 11 2 1
907 11 2 1
908 11 2 1
909 11 112 10
910 11 112 10
911 11 112 10
912 11 6 10
913 11 6 10
914 11 6 10
915 11 6 10
916 11 6 10
917 11 6 10
918 11 6 10
919 11 6 2.5
920 11 6 2.5
921 11 6 2.5
922 11 6 2.5
923 11 6 2.5
924 11 6 10
925 11 6 10
926 11 6 10
927 11 6 2.5
928 11 6 2.5
929 11 6 10
930 11 6 10
931 11 6 100
932 11 6 10
933 11 6 10
934 11 6 10
935 11 6 100
936 11 6 100
937 11 6 100
938 11 6 2.5
939 11 6 2.5
940 11 6 2.5
941 11 6 2.5
942 11 6 2.5
943 11 6 100
944 11 6 100
945 11 6 100
946 11 6 1
947 11 6 10
948 11 6 2.5
949 11 6 2.5
950 11 6 10
951 11 6 10
952 11 6 10
953 11 6 1
954 11 6 1
955 11 6 1
956 11 6 1
957 11 6 1
958 11 6 10
959 11 6 2.5
960 11 6 2.5
961 11 6 10
962 11 6 10
963 11 6 10
964 11 6 1
965 11 6 1
966 11 6 1
967 11 6 1
968 11 6 2.5
969 11 6 2.5
970 11 6 1
971 11 6 1
972 11 6 10
973 11 6 10
974 11 6 1
975 11 6 1
976 11 6 10
977 11 6 10
978 11 6 10
979 11 6 2.5
980 11 6 2.5
981 11 6 2.5
982 11 6 2.5
983 11 6 2.5
984 11 10 2.5
985 11 10 2.5
986 11 10 2.5
987 11 10 10
988 11 10 10
989 11 10 10
990 11 10 10
991 11 10 2.5
992 11 10 2.5
993 11 10 2.5
994 11 10 10
995 11 10 10
996 11 10 2.5
997 11 10 2.5
998 11 10 10
999 11 10 10
1000 11 10 10
1001 11 10 1
1002 11 10 1
1003 11 10 1
1004 11 10 1
1005 11 10 1
1006 11 10 1
1007 11 10 1
1008 11 10 1
1009 11 10 10
1010 11 10 1
1011 11 10 1
1012 11 10 1
1013 11 10 1
1014 11 63 1
1015 11 63 1
1016 11 63 2.5
1017 11 63 2.5
1018 11 9 1
1019 11 9 1
1020 11 9 1
1021 11 9 1
1022 11 9 1
1023 11 9 1
1024 11 9 1
1025 11 9 1
1026 11 9 10
1027 11 9 10
1028 11 62 10
1029 11 62 10
1030 11 62 10
1031 11 62 10
1032 11 62 10
1033 11 29 10
1034 11 29 10
1035 11 29 10
1036 11 29 2.5
1037 11 29 2.5
1038 11 29 2.5
1039 11 29 10
1040 11 29 10
1041 11 29 10
1042 11 29 10
1043 11 29 2.5
1044 11 97 2.5
1045 11 97 10
1046 11 97 10
1047 11 97 10
1048 11 97 10
1049 11 97 10
1050 11 97 10
1051 11 97 2.5
1052 11 17 2.5
1053 16 8 10
1054 16 8 10
1055 16 8 10
1056 16 8 2.5
1057 16 8 2.5
1058 16 8 2.5
1059 16 8 2.5
1060 16 8 2.5
1061 16 17 2.5
1062 16 21 2.5
1063 16 21 2.5
1064 16 21 10
1065 16 21 10
1066 16 21 10
1067 16 21 10
1068 16 21 10
1069 16 21 2.5
1070 16 21 2.5
1071 16 21 2.5
1072 16 21 2.5
1073 16 21 10
1074 16 2 10
1075 16 2 10
1076 16 2 10
1077 16 2 10
1078 16 37 10
1079 16 37 10
1080 16 37 10
1081 16 29 10
1082 16 29 10
1083 16 29 2.5
1084 16 29 2.5
1085 16 22 2.5
1086 16 22 2.5
1087 16 22 10
1088 16 55 10
1089 16 55 10
1090 16 55 10
1091 16 55 10
1092 16 55 10
1093 16 4 10
1094 16 4 2.5
1095 16 4 2.5
1096 18 6 2.5
1097 18 6 2.5
1098 18 6 10
1099 18 6 10
1100 18 6 100
1101 18 6 100
1102 18 6 10
1103 18 6 10
1104 18 6 10
1105 18 6 10
1106 18 6 10
1107 18 6 10
1108 18 6 10
1109 18 6 10
1110 18 6 10
1111 18 6 2.5
1112 18 6 2.5
1113 18 6 2.5
1114 18 6 2.5
1115 18 6 2.5
1116 18 6 2.5
1117 18 6 2.5
1118 18 6 2.5
1119 18 6 2.5
1120 18 6 2.5
1121 18 6 2.5
1122 18 6 2.5
1123 20 112 2.5
1124 20 112 2.5
1125 20 112 2.5
1126 20 112 2.5
1127 20 112 2.5
1128 20 112 2.5
1129 20 16 2.5
1130 20 16 2.5
1131 20 16 1
1132 20 16 1
1133 20 16 1
1134 20 16 2.5
1135 20 16 2.5
1136 20 16 2.5
1137 20 16 2.5
1138 20 16 2.5
1139 20 16 2.5
1140 20 16 2.5
1141 20 16 10
1142 20 16 10
1143 20 16 10
1144 20 11 10
1145 20 11 1
1146 20 11 1
1147 20 11 1
1148 20 11 1
1149 20 11 1
1150 20 11 1
1151 20 11 1
1152 20 11 1
1153 20 11 10
1154 20 11 10
1155 20 11 10
1156 20 22 10
1157 20 22 10
1158 20 22 10
1159 20 22 10
1160 20 22 10
1161 20 22 10
1162 20 22 10
1163 20 22 1
1164 20 22 1
1165 20 22 1
1166 20 22 1
1167 20 22 1
1168 20 21 1
1169 20 21 1
1170 20 21 1
1171 20 21 10
1172 20 21 10
1173 20 21 10
1174 20 21 10
1175 20 21 100
1176 20 31 100
1177 20 31 100
1178 20 31 1
1179 20 31 1
1180 20 6 1
1181 20 6 1
1182 20 6 10
1183 20 29 10
1184 20 29 1
1185 20 29 1
1186 20 29 10
1187 20 29 10
1188 20 29 10
1189 20 29 10
1190 22 29 100
1191 22 29 100
1192 22 29 100
1193 22 29 100
1194 22 29 100
1195 22 29 1
1196 22 29 1
1197 22 29 10
1198 22 29 10
1199 22 29 10
1200 22 23 1
1201 22 23 10
1202 22 23 10
1203 22 31 10
1204 22 31 10
1205 22 31 10
1206 22 31 10
1207 22 31 10
1208 22 31 1
1209 22 31 1
1210 22 31 1
1211 32 38 10
1212 32 38 10
1213 32 38 10
1214 32 38 10
1215 32 31 1
1216 32 31 1
1217 32 31 1
1218 32 31 10
1219 32 172 10
1220 32 172 10
1221 32 172 10
1222 32 172 1
1223 32 172 1
1224 32 31 10
1225 32 31 10
1226 32 98 1
1227 32 98 1
1228 32 98 1
1229 32 98 1
1230 32 11 10
1231 32 11 10
1232 32 11 100
1233 32 11 100
1234 32 11 100
1235 32 11 100
1236 32 11 1
1237 32 11 1
1238 32 39 1
1239 32 39 1
1240 32 39 10
1241 32 39 10
1242 32 39 10
1243 32 39 10
1244 32 39 1
1245 32 39 10
1246 32 29 10
1247 32 29 1
1248 32 29 1
1249 32 29 1
1250 32 29 10
1251 32 29 10
1252 32 29 10
1253 38 7 10
1254 38 7 10
1255 38 7 10
1256 38 58 10
1257 38 58 1
1258 38 58 1
1259 38 58 1
1260 38 58 10
1261 40 39 10
1262 40 39 10
1263 40 38 10
1264 40 38 10
1265 40 38 10
1266 40 38 1
1267 40 38 1
1268 40 38 10
1269 40 38 10
1270 40 38 1
1271 40 143 1
1272 40 143 1
1273 40 143 1
1274 40 143 2.5
1275 40 143 2.5
1276 40 143 2.5
1277 40 143 2.5
1278 40 143 2.5
1279 40 143 2.5
1280 40 143 2.5
1281 40 143 2.5
1282 40 143 10
1283 40 143 10
1284 40 143 10
1285 40 143 10
1286 40 143 10
1287 40 143 10
1288 40 174 10
1289 40 174 10
1290 40 174 10
1291 40 174 10
1292 40 174 10
1293 40 174 10
1294 40 174 10
1295 41 97 10
1296 41 96 10
1297 41 96 10
1298 41 96 1
1299 41 96 1
1300 41 74 1
1301 41 74 10
1302 41 74 10
1303 41 74 10
1304 41 74 10
1305 41 74 10
1306 41 74 10
1307 41 74 1
1308 41 74 1
1309 41 74 1
1310 41 74 10
1311 41 74 10
1312 41 74 1
1313 41 59 1
1314 41 59 1
1315 41 59 10
1316 41 59 10
1317 41 59 10
1318 41 59 10
1319 41 59 10
1320 41 59 10
1321 41 59 10
1322 41 59 1
1323 41 59 1
1324 41 59 1
1325 41 59 10
1326 41 42 10
1327 41 42 10
1328 41 42 1
1329 41 42 10
1330 41 42 10
1331 41 42 10
1332 41 42 10
1333 41 42 10
1334 41 42 10
1335 41 42 10
1336 41 42 10
1337 41 42 1
1338 41 42 1
1339 41 42 1
1340 41 42 10
1341 41 42 10
1342 41 42 10
1343 41 42 10
1344 41 42 10
1345 41 42 10
1346 41 42 10
1347 41 42 10
1348 41 42 10
1349 41 42 10
1350 41 42 10
1351 41 42 10
1352 41 42 10
1353 41 42 1
1354 41 42 1
1355 41 42 1
1356 41 42 1
1357 41 42 1
1358 41 42 1
1359 41 42 1
1360 41 42 10
1361 41 42 10
1362 41 42 1
1363 41 42 1
1364 41 42 1
1365 41 42 1
1366 41 42 1
1367 41 42 1
1368 41 42 1
1369 41 42 10
1370 41 42 1
1371 41 42 1
1372 41 42 1
1373 41 78 10
1374 41 78 10
1375 41 78 10
1376 41 78 10
1377 41 78 1
1378 41 78 1
1379 41 78 10
1380 41 78 10
1381 41 78 10
1382 41 78 1
1383 41 78 1
1384 41 52 10
1385 41 52 10
1386 41 52 1
1387 41 52 1
1388 41 52 1
1389 41 52 1
1390 41 52 10
1391 41 53 10
1392 41 53 10
1393 41 53 1
1394 41 53 1
1395 41 61 1
1396 41 61 10
1397 41 61 10
1398 41 61 10
1399 41 61 10
1400 41 21 10
1401 41 21 10
1402 41 21 10
1403 41 21 100
1404 41 21 1
1405 41 21 1
1406 41 21 1
1407 41 22 1
1408 41 22 1
1409 41 22 10
1410 41 22 10
1411 41 22 1
1412 41 22 1
1413 41 22 1
1414 41 22 1
1415 41 61 1
1416 41 61 1
1417 41 61 1
1418 41 61 1
1419 41 61 1
1420 41 61 10
1421 41 61 10
1422 41 61 10
1423 41 61 10
1424 41 61 10
1425 41 61 10
1426 41 60 10
1427 41 60 10
1428 41 60 1
1429 41 60 1
1430 41 60 1
1431 41 60 1
1432 41 40 1
1433 41 40 1
1434 41 40 1
1435 41 40 10
1436 41 40 10
1437 41 40 1
1438 41 40 1
1439 41 63 1
1440 41 63 1
1441 41 63 1
1442 41 63 1
1443 41 63 1
1444 41 63 1
1445 41 164 1
1446 41 164 1
1447 41 164 1
1448 41 164 10
1449 41 38 10
1450 41 38 1
1451 41 38 1
1452 41 38 1
1453 41 38 1
1454 41 20 1
1455 41 20 1
1456 41 20 1
1457 41 20 1
1458 41 20 10
1459 41 20 10
1460 41 20 1
1461 41 20 1
1462 41 90 1
1463 41 90 10
1464 41 90 10
1465 41 90 10
1466 41 90 10
1467 41 90 10
1468 41 90 1
1469 41 43 1
1470 41 43 1
1471 41 43 10
1472 41 43 10
1473 41 43 1
1474 41 43 1
1475 41 43 1
1476 41 43 10
1477 41 43 10
1478 41 32 10
1479 41 32 10
1480 41 32 10
1481 41 32 10
1482 41 32 10
1483 41 168 10
1484 41 168 10
1485 41 168 1
1486 41 168 100
1487 41 160 100
1488 41 160 10
1489 41 160 10
1490 41 160 10
1491 41 104 1
1492 41 104 10
1493 41 104 10
1494 41 128 10
1495 41 128 1
1496 41 128 1
1497 41 77 1
1498 41 77 1
1499 41 77 10
1500 41 77 10
1501 41 70 10
1502 41 70 10
1503 41 70 10
1504 41 70 10
1505 41 70 10
1506 41 70 10
1507 41 70 10
1508 41 165 10
1509 41 165 10
1510 41 165 1
1511 41 165 10
1512 41 165 10
1513 41 62 10
1514 41 62 10
1515 41 62 10
1516 41 62 10
1517 41 62 100
1518 41 31 1
1519 41 31 1
1520 41 31 1
1521 41 31 10
1522 41 31 10
1523 41 31 1
1524 41 31 1
1525 41 31 1
1526 41 46 10
1527 41 46 10
1528 41 46 10
1529 41 46 10
1530 41 46 1
1531 41 46 1
1532 41 46 1
1533 41 46 1
1534 41 46 10
1535 41 46 10
1536 41 69 10
1537 41 69 10
1538 41 69 10
1539 41 69 1
1540 41 132 1
1541 41 132 10
1542 41 132 10
1543 41 132 1
1544 41 132 1
1545 41 132 10
1546 41 132 1
1547 41 132 1
1548 41 132 1
1549 41 132 1
1550 41 132 10
1551 41 132 10
1552 41 132 2.5
1553 41 132 2.5
1554 41 163 2.5
1555 41 163 2.5
1556 41 163 2.5
1557 41 163 2.5
1558 41 65 2.5
1559 41 65 2.5
1560 41 65 10
1561 41 65 1
1562 41 57 10
1563 41 57 10
1564 41 57 1
1565 41 57 10
1566 41 57 10
1567 41 57 10
1568 41 57 10
1569 41 57 10
1570 41 57 10
1571 41 57 1
1572 41 57 1
1573 41 74 1
1574 41 74 1
1575 41 74 1
1576 41 57 1
1577 41 29 1
1578 41 29 1
1579 41 29 1
1580 41 29 10
1581 41 29 10
1582 41 29 1
1583 41 104 1
1584 41 104 1
1585 41 104 1
1586 41 104 1
1587 41 11 1
1588 41 11 1
1589 41 11 10
1590 41 11 10
1591 41 11 1
1592 41 11 1
1593 41 11 1
1594 41 11 1
1595 41 11 1
1596 41 6 1
1597 41 6 1
1598 41 6 1
1599 41 6 1
1600 41 6 1
1601 41 6 10
1602 41 6 10
1603 42 74 1
1604 42 74 1
1605 42 74 1
1606 42 74 1
1607 42 74 1
1608 42 74 1
1609 42 74 10
1610 42 74 10
1611 42 74 10
1612 42 74 10
1613 42 74 1
1614 42 74 10
1615 42 74 10
1616 42 74 10
1617 42 74 10
1618 42 74 1
1619 42 74 1
1620 42 74 1
1621 42 74 1
1622 42 74 1
1623 42 24 1
1624 42 24 10
1625 42 24 10
1626 42 24 1
1627 42 24 1
1628 42 32 1
1629 42 32 1
1630 42 32 1
1631 42 32 1
1632 42 143 1
1633 42 38 1
1634 42 38 10
1635 42 38 10
1636 42 69 10
1637 42 69 1
1638 42 69 1
1639 42 69 1
1640 42 168 10
1641 42 168 10
1642 42 168 10
1643 42 168 10
1644 42 46 1
1645 42 46 1
1646 42 46 1
1647 42 46 1
1648 42 46 1
1649 42 46 1
1650 42 46 10
1651 42 46 10
1652 42 46 10
1653 42 46 10
1654 42 46 10
1655 42 46 10
1656 42 46 10
1657 42 46 10
1658 42 46 10
1659 42 77 1
1660 42 77 1
1661 42 77 10
1662 42 77 10
1663 42 77 1
1664 42 77 1
1665 42 63 1
1666 42 63 1
1667 42 63 10
1668 42 63 10
1669 42 63 1
1670 42 63 1
1671 42 63 1
1672 42 63 1
1673 42 63 10
1674 42 63 10
1675 42 63 1
1676 42 90 1
1677 42 90 2.5
1678 42 90 2.5
1679 42 90 2.5
1680 42 43 2.5
1681 42 43 10
1682 42 43 2.5
1683 42 11 2.5
1684 42 11 2.5
1685 42 11 10
1686 42 11 10
1687 42 11 10
1688 42 11 10
1689 42 11 10
1690 42 11 1
1691 42 11 1
1692 42 11 10
1693 42 11 10
1694 42 11 10
1695 42 11 100
1696 42 11 1
1697 42 11 1
1698 42 11 1
1699 42 11 1
1700 42 11 10
1701 42 11 10
1702 42 11 1
1703 42 11 1
1704 42 11 10
1705 42 11 1
1706 42 11 1
1707 42 11 1
1708 42 11 1
1709 42 11 1
1710 42 11 1
1711 42 11 1
1712 42 11 1
1713 42 52 10
1714 42 52 10
1715 42 52 10
1716 42 52 10
1717 42 52 10
1718 42 52 10
1719 42 52 10
1720 42 165 1
1721 42 165 10
1722 42 165 10
1723 42 165 10
1724 42 165 10
1725 42 38 100
1726 42 38 10
1727 42 143 10
1728 42 143 10
1729 42 143 10
1730 42 143 10
1731 42 78 10
1732 42 78 10
1733 42 78 10
1734 42 78 1
1735 42 78 1
1736 42 78 1
1737 42 78 1
1738 42 78 1
1739 42 78 10
1740 42 78 10
1741 42 78 1
1742 42 78 1
1743 42 78 1
1744 42 8 1
1745 42 59 1
1746 42 59 1
1747 42 59 1
1748 42 59 1
1749 42 59 1
1750 42 62 10
1751 42 62 10
1752 42 62 10
1753 42 62 10
1754 42 62 10
1755 42 62 10
1756 42 62 10
1757 42 62 10
1758 42 62 1
1759 42 62 10
1760 42 62 10
1761 42 62 10
1762 42 62 1
1763 42 62 1
1764 42 62 1
1765 42 62 1
1766 42 62 1
1767 42 62 1
1768 42 62 1
1769 42 62 1
1770 42 62 10
1771 42 62 10
1772 42 62 1
1773 42 39 1
1774 42 39 1
1775 42 39 1
1776 42 39 1
1777 42 39 1
1778 42 39 10
1779 42 39 10
1780 42 39 1
1781 42 61 1
1782 42 61 1
1783 42 61 1
1784 42 61 1
1785 42 61 1
1786 42 61 1
1787 42 61 1
1788 42 32 1
1789 42 32 10
1790 42 32 10
1791 42 29 1
1792 42 53 1
1793 42 53 1
1794 42 53 1
1795 42 53 1
1796 42 169 10
1797 42 169 10
1798 42 70 10
1799 42 70 10
1800 42 70 10
1801 42 70 10
1802 42 70 10
1803 42 70 10
1804 42 70 10
1805 42 70 10
1806 42 70 10
1807 42 70 10
1808 42 96 10
1809 42 6 10
1810 42 6 10
1811 42 6 100
1812 42 6 1
1813 42 6 1
1814 42 6 1
1815 42 6 1
1816 42 6 1
1817 42 6 100
1818 42 6 1
1819 42 6 1
1820 42 6 1
1821 42 6 1
1822 42 6 1
1823 42 6 100
1824 42 6 100
1825 42 6 10
1826 42 6 10
1827 42 6 10
1828 42 6 10
1829 42 6 10
1830 42 6 10
1831 42 6 10
1832 42 6 10
1833 42 6 10
1834 42 6 10
1835 42 6 1
1836 42 6 1
1837 42 6 1
1838 42 6 1
1839 42 6 1
1840 42 6 10
1841 42 6 10
1842 42 6 1
1843 42 6 1
1844 42 6 1
1845 42 6 1
1846 42 6 1
1847 42 6 1
1848 42 6 1
1849 42 6 1
1850 42 6 1
1851 42 6 1
1852 42 6 1
1853 42 6 1
1854 42 6 1
1855 42 6 1
1856 42 6 1
1857 42 6 1
1858 42 6 1
1859 42 6 1
1860 42 6 1
1861 42 6 1
1862 42 6 10
1863 42 6 10
1864 42 6 1
1865 42 6 1
1866 42 6 1
1867 42 6 1
1868 42 6 1
1869 42 6 1
1870 42 6 1
1871 42 6 1
1872 42 6 1
1873 42 6 10
1874 42 6 10
1875 42 6 10
1876 42 6 10
1877 42 6 1
1878 42 6 1
1879 42 6 1
1880 42 6 1
1881 42 6 1
1882 42 6 1
1883 42 6 1
1884 42 6 1
1885 42 6 1
1886 42 6 1
1887 42 6 1
1888 42 6 1
1889 42 57 10
1890 42 57 10
1891 42 57 1
1892 42 57 1
1893 42 57 1
1894 42 57 1
1895 42 57 10
1896 42 57 10
1897 42 57 10
1898 42 57 10
1899 42 57 1
1900 42 57 1
1901 42 57 1
1902 42 57 1
1903 42 57 1
1904 42 57 10
1905 42 57 10
1906 42 57 10
1907 42 57 10
1908 42 57 10
1909 42 57 10
1910 42 57 10
1911 42 57 10
1912 42 57 1
1913 42 57 1
1914 42 57 1
1915 42 57 1
1916 42 57 1
1917 42 31 1
1918 42 31 1
1919 42 31 1
1920 42 152 10
1921 42 152 10
1922 42 152 10
1923 42 152 10
1924 42 152 1
1925 42 152 1
1926 42 71 1
1927 42 71 1
1928 42 71 10
1929 42 71 10
1930 42 65 10
1931 42 65 10
1932 42 65 10
1933 42 65 10
1934 42 164 1
1935 42 164 1
1936 42 164 10
1937 42 164 10
1938 42 164 10
1939 42 164 10
1940 42 164 10
1941 42 164 10
1942 42 148 10
1943 42 148 10
1944 42 55 1
1945 42 55 1
1946 42 55 1
1947 42 55 1
1948 42 55 1
1949 42 55 1
1950 42 55 10
1951 42 55 10
1952 42 61 10
1953 42 61 10
1954 42 61 10
1955 42 61 10
1956 42 40 10
1957 42 40 10
1958 42 40 1
1959 42 40 1
1960 42 40 1
1961 42 60 1
1962 42 60 1
1963 42 60 1
1964 42 60 1
1965 42 60 1
1966 42 60 10
1967 43 78 10
1968 43 78 10
1969 43 78 10
1970 43 78 10
1971 43 78 10
1972 43 78 10
1973 43 78 10
1974 43 78 10
1975 43 78 10
1976 43 78 10
1977 43 78 10
1978 43 78 10
1979 43 78 10
1980 43 78 10
1981 43 78 10
1982 43 78 100
1983 43 78 100
1984 43 78 10
1985 43 78 10
1986 43 78 10
1987 43 78 1
1988 43 78 1
1989 43 78 1
1990 43 78 1
1991 43 78 1
1992 43 78 1
1993 43 78 1
1994 43 78 1
1995 43 78 10
1996 43 78 10
1997 43 78 1
1998 43 78 10
1999 43 78 10
2000 43 78 10
2001 43 78 10
2002 43 78 10
2003 43 11 10
2004 43 11 100
2005 43 11 1
2006 53 63 100
2007 53 63 100
2008 53 63 1
2009 53 63 100
2010 53 63 100
2011 53 63 100
2012 53 63 1
2013 53 63 100
2014 53 63 10
2015 53 63 1
2016 53 63 1
2017 53 63 1
2018 53 63 1
2019 53 63 1
2020 53 63 1
2021 53 63 1
2022 53 159 1
2023 53 157 1
2024 53 157 1
2025 53 78 10
2026 53 78 10
2027 53 78 1
2028 53 78 2.5
2029 53 78 2.5
2030 53 78 2.5
2031 53 78 2.5
2032 53 78 1
2033 53 98 2.5
2034 53 54 2.5
2035 53 54 2.5
2036 53 54 10
2037 53 54 1
2038 53 22 10
2039 53 22 10
2040 53 22 10
2041 53 59 10
2042 53 59 10
2043 53 59 10
2044 53 59 1
2045 53 59 1
2046 53 59 1
2047 53 59 1
2048 53 59 1
2049 53 59 1
2050 53 59 10
2051 53 59 10
2052 53 59 10
2053 53 59 1
2054 53 59 10
2055 53 59 1
2056 53 2 10
2057 53 2 10
2058 53 2 10
2059 53 2 10
2060 53 119 1
2061 53 119 10
2062 53 119 10
2063 53 65 10
2064 53 65 10
2065 53 65 10
2066 53 65 10
2067 53 65 10
2068 53 65 1
2069 53 65 1
2070 53 65 1
2071 53 65 1
2072 53 65 1
2073 53 65 1
2074 53 65 1
2075 53 65 1
2076 53 61 1
2077 53 61 1
2078 53 6 1
2079 53 6 1
2080 53 6 1
2081 53 6 1
2082 55 62 1
2083 55 62 1
2084 55 62 10
2085 55 62 10
2086 55 62 1
2087 55 62 10
2088 55 62 2.5
2089 55 62 2.5
2090 55 74 2.5
2091 55 74 2.5
2092 55 74 2.5
2093 55 74 2.5
2094 55 74 2.5
2095 55 74 2.5
2096 55 160 10
2097 55 160 10
2098 56 55 10
2099 56 55 10
2100 56 55 10
2101 56 55 10
2102 56 57 1
2103 56 57 1
2104 56 57 1
2105 56 129 1
2106 56 129 1
2107 56 129 1
2108 56 129 1
2109 56 129 1
2110 56 129 1
2111 56 129 1
2112 56 129 1
2113 56 129 1
2114 56 129 1
2115 57 55 1
2116 57 55 1
2117 57 55 1
2118 57 55 1
2119 57 58 1
2120 57 58 1
2121 57 58 1
2122 57 58 1
2123 57 58 1
2124 57 58 1
2125 57 58 1
2126 57 58 1
2127 57 58 1
2128 57 6 1
2129 57 6 1
2130 57 6 1
2131 57 6 1
2132 57 6 2.5
2133 57 6 1
2134 57 6 1
2135 57 6 1
2136 57 6 1
2137 57 6 1
2138 57 6 1
2139 57 6 1
2140 57 6 1
2141 57 6 1
2142 57 6 1
2143 57 6 1
2144 57 6 1
2145 57 6 1
2146 57 6 1
2147 57 6 1
2148 57 6 2.5
2149 57 164 2.5
2150 57 6 1
2151 57 6 1
2152 57 6 1
2153 57 6 1
2154 57 22 1
2155 57 22 1
2156 57 22 1
2157 57 22 1
2158 57 59 1
2159 57 59 1
2160 57 59 1
2161 57 59 1
2162 57 59 1
2163 57 59 1
2164 57 59 1
2165 57 59 1
2166 57 59 1
2167 57 59 10
2168 57 59 10
2169 57 59 10
2170 57 59 2.5
2171 57 59 2.5
2172 57 154 2.5
2173 57 154 1
2174 57 154 2.5
2175 57 10 2.5
2176 57 10 2.5
2177 57 10 2.5
2178 57 10 10
2179 57 10 1
2180 57 10 10
2181 57 10 10
2182 57 10 10
2183 57 10 10
2184 57 10 10
2185 57 63 1
2186 57 63 1
2187 57 63 1
2188 57 63 1
2189 57 63 1
2190 57 61 1
2191 57 61 1
2192 57 61 1
2193 57 61 1
2194 57 61 1
2195 57 61 1
2196 57 61 1
2197 57 61 1
2198 57 61 1
2199 57 62 1
2200 57 62 1
2201 57 62 10
2202 57 62 10
2203 59 63 1
2204 59 63 10
2205 59 63 10
2206 59 58 1
2207 61 62 10
2208 61 62 10
2209 61 62 10
2210 63 61 10
2211 63 61 10
2212 63 61 10
2213 63 64 10
2214 63 64 1
2215 63 64 1
2216 63 64 10
2217 63 64 10
2218 63 65 10
2219 63 65 1
2220 63 65 10
2221 63 65 10
2222 63 65 10
2223 64 53 10
2224 64 65 10
2225 64 65 1
2226 64 65 1
2227 64 65 10
2228 64 65 10
2229 64 65 10
2230 64 65 10
2231 70 69 10
2232 70 69 10
2233 70 69 1
2234 70 69 10
2235 70 69 10
2236 70 69 10
2237 70 69 1
2238 70 69 1
2239 70 42 1
2240 70 42 1
2241 70 42 1
2242 70 42 1
2243 70 42 1
2244 70 42 1
2245 70 42 2.5
2246 70 42 2.5
2247 70 42 2.5
2248 70 42 2.5
2249 70 42 2.5
2250 70 42 2.5
2251 70 42 2.5
2252 70 42 2.5
2253 70 42 10
2254 70 42 10
2255 70 42 1
2256 70 42 1
2257 70 42 1
2258 70 42 1
2259 70 42 10
2260 70 42 10
2261 70 42 10
2262 70 42 10
2263 70 42 10
2264 70 42 10
2265 70 42 1
2266 70 42 1
2267 70 42 1
2268 70 42 1
2269 70 42 1
2270 70 42 1
2271 70 63 10
2272 70 63 10
2273 70 63 10
2274 70 63 10
2275 70 63 10
2276 70 63 10
2277 70 63 10
2278 70 58 10
2279 70 58 10
2280 70 58 10
2281 70 58 10
2282 70 58 1
2283 70 58 1
2284 70 58 1
2285 70 58 1
2286 70 65 1
2287 70 65 10
2288 70 6 10
2289 70 6 10
2290 71 65 10
2291 71 65 10
2292 71 65 1
2293 71 65 100
2294 71 70 100
2295 71 70 100
2296 71 70 100
2297 71 70 100
2298 71 70 1
2299 71 97 1
2300 71 97 1
2301 71 97 1
2302 71 97 1
2303 71 97 1
2304 71 97 1
2305 71 97 1
2306 71 116 10
2307 71 116 2.5
2308 71 116 2.5
2309 74 143 2.5
2310 74 118 2.5
2311 74 118 2.5
2312 74 118 2.5
2313 74 118 2.5
2314 74 97 2.5
2315 74 97 1
2316 74 97 1
2317 74 97 1
2318 74 97 1
2319 74 97 2.5
2320 74 97 2.5
2321 74 97 2.5
2322 74 97 2.5
2323 74 97 2.5
2324 74 97 1
2325 74 97 1
2326 74 97 1
2327 74 97 1
2328 74 97 1
2329 74 97 2.5
2330 74 97 2.5
2331 74 97 2.5
2332 74 97 2.5
2333 74 97 2.5
2334 74 119 2.5
2335 74 119 2.5
2336 74 119 2.5
2337 74 65 10
2338 74 65 10
2339 74 65 10
2340 74 65 10
2341 74 65 1
2342 74 65 1
2343 74 65 1
2344 74 65 1
2345 74 65 10
2346 74 65 10
2347 74 65 10
2348 74 65 1
2349 74 65 1
2350 74 65 1
2351 74 65 1
2352 74 65 1
2353 74 65 10
2354 74 65 10
2355 74 65 10
2356 74 65 10
2357 74 65 10
2358 74 65 10
2359 74 65 10
2360 74 65 10
2361 74 65 10
2362 74 65 10
2363 74 65 2.5
2364 74 65 2.5
2365 74 65 2.5
2366 74 65 1
2367 74 65 1
2368 74 65 1
2369 74 65 1
2370 74 65 2.5
2371 74 65 2.5
2372 74 65 2.5
2373 74 65 2.5
2374 74 65 2.5
2375 74 65 2.5
2376 74 65 2.5
2377 74 65 2.5
2378 74 65 2.5
2379 74 65 10
2380 74 65 10
2381 74 93 10
2382 74 93 2.5
2383 74 93 2.5
2384 74 93 1
2385 74 93 1
2386 74 93 1
2387 74 93 2.5
2388 74 93 2.5
2389 74 100 2.5
2390 74 100 10
2391 74 100 10
2392 74 100 100
2393 74 100 100
2394 74 100 100
2395 74 100 100
2396 74 100 100
2397 74 100 10
2398 74 100 1
2399 74 112 1
2400 74 112 1
2401 74 112 10
2402 74 112 10
2403 74 112 10
2404 74 112 100
2405 74 112 10
2406 74 112 10
2407 74 112 1
2408 74 112 1
2409 74 112 1
2410 74 112 1
2411 74 112 1
2412 74 112 1
2413 74 116 1
2414 74 116 1
2415 74 116 2.5
2416 74 116 2.5
2417 74 116 2.5
2418 74 116 2.5
2419 74 116 10
2420 74 116 10
2421 74 116 10
2422 74 116 1
2423 74 116 1
2424 74 116 1
2425 74 21 10
2426 74 21 10
2427 74 21 1
2428 74 21 1
2429 74 21 1
2430 74 21 1
2431 74 21 1
2432 74 21 1
2433 74 21 1
2434 74 21 1
2435 74 21 2.5
2436 74 21 2.5
2437 74 143 2.5
2438 74 143 2.5
2439 74 143 2.5
2440 74 143 2.5
2441 74 143 2.5
2442 74 143 2.5
2443 74 143 10
2444 74 143 10
2445 74 143 10
2446 74 143 1
2447 74 143 1
2448 74 143 1
2449 74 143 1
2450 74 143 10
2451 74 143 10
2452 74 143 10
2453 74 143 10
2454 74 143 10
2455 74 78 10
2456 74 92 2.5
2457 74 92 2.5
2458 74 92 2.5
2459 74 92 2.5
2460 74 92 2.5
2461 74 92 2.5
2462 74 92 2.5
2463 74 92 2.5
2464 74 92 10
2465 74 96 10
2466 74 96 10
2467 74 96 10
2468 74 96 1
2469 74 96 1
2470 74 96 1
2471 74 118 1
2472 74 118 1
2473 74 118 1
2474 74 118 1
2475 74 118 1
2476 74 118 10
2477 74 118 10
2478 74 118 10
2479 74 118 1
2480 74 118 1
2481 74 118 1
2482 74 6 10
2483 74 6 10
2484 74 6 10
2485 74 6 1
2486 74 6 1
2487 74 11 1
2488 74 11 1
2489 74 128 1
2490 74 128 1
2491 74 128 1
2492 74 128 1
2493 74 128 10
2494 74 128 10
2495 74 159 1
2496 74 159 1
2497 74 159 1
2498 74 159 10
2499 74 159 10
2500 74 159 10
2501 74 104 10
2502 74 104 10
2503 74 104 10
2504 74 104 1
2505 74 104 1
2506 74 104 1
2507 74 91 1
2508 74 91 1
2509 74 91 1
2510 74 91 1
2511 74 91 1
2512 74 91 10
2513 74 91 10
2514 74 6 1
2515 74 6 1
2516 74 6 10
2517 74 6 10
2518 74 39 10
2519 74 39 10
2520 74 43 10
2521 74 65 10
2522 74 65 10
2523 74 65 10
2524 74 65 10
2525 74 65 1
2526 74 65 1
2527 74 65 1
2528 74 65 1
2529 74 65 1
2530 74 65 1
2531 74 65 1
2532 74 65 1
2533 74 65 1
2534 74 65 1
2535 74 65 1
2536 74 64 1
2537 74 64 1
2538 74 64 1
2539 74 64 1
2540 74 64 1
2541 74 64 1
2542 74 64 1
2543 75 6 1
2544 75 89 1
2545 75 89 1
2546 75 89 1
2547 75 89 1
2548 75 89 1
2549 75 89 10
2550 75 89 10
2551 75 89 10
2552 75 89 10
2553 75 89 10
2554 75 89 1
2555 75 89 10
2556 75 89 10
2557 75 89 1
2558 75 89 1
2559 75 89 1
2560 75 89 1
2561 75 89 10
2562 75 89 10
2563 75 89 10
2564 75 89 10
2565 75 78 10
2566 75 43 10
2567 75 43 10
2568 75 43 10
2569 75 43 100
2570 75 43 100
2571 75 143 10
2572 75 143 1
2573 75 143 1
2574 75 143 1
2575 75 143 1
2576 75 143 1
2577 75 143 1
2578 75 143 1
2579 75 143 1
2580 75 143 10
2581 75 143 1
2582 75 143 10
2583 75 143 10
2584 75 143 1
2585 75 143 10
2586 75 94 10
2587 75 94 10
2588 75 94 1
2589 75 94 1
2590 75 74 1
2591 75 74 1
2592 75 74 1
2593 75 74 10
2594 75 74 10
2595 75 159 1
2596 75 159 10
2597 75 159 10
2598 75 31 10
2599 75 31 10
2600 75 31 2.5
2601 75 31 2.5
2602 75 31 2.5
2603 75 74 2.5
2604 75 74 2.5
2605 75 74 1
2606 75 74 2.5
2607 75 74 2.5
2608 75 74 1
2609 75 74 1
2610 75 74 1
2611 75 74 1
2612 75 74 1
2613 75 74 1
2614 75 74 1
2615 75 74 1
2616 75 74 10
2617 75 74 10
2618 75 74 10
2619 75 74 10
2620 75 74 10
2621 75 74 10
2622 75 160 10
2623 75 160 10
2624 75 160 10
2625 75 160 10
2626 75 76 10
2627 75 76 10
2628 75 76 10
2629 75 76 10
2630 75 76 10
2631 75 76 10
2632 75 6 10
2633 75 6 1
2634 75 6 1
2635 75 6 1
2636 75 6 1
2637 75 6 1
2638 75 6 1
2639 75 6 1
2640 75 90 1
2641 75 90 10
2642 75 90 10
2643 75 90 10
2644 77 63 10
2645 77 63 10
2646 77 63 10
2647 77 63 10
2648 77 63 10
2649 77 63 10
2650 77 63 1
2651 77 63 10
2652 77 59 10
2653 77 59 1
2654 77 59 1
2655 77 76 1
2656 77 76 1
2657 77 76 1
2658 77 76 1
2659 77 76 1
2660 77 76 1
2661 77 11 1
2662 77 11 1
2663 77 11 1
2664 77 11 1
2665 77 11 1
2666 77 11 1
2667 77 11 1
2668 77 11 1
2669 77 11 10
2670 77 89 10
2671 77 89 10
2672 77 89 10
2673 77 75 1
2674 77 70 10
2675 77 70 10
2676 77 70 1
2677 77 70 1
2678 77 70 1
2679 77 70 1
2680 77 70 1
2681 77 70 1
2682 77 78 1
2683 83 65 1
2684 83 65 10
2685 83 65 1
2686 83 65 10
2687 83 65 10
2688 83 65 1
2689 83 65 100
2690 83 65 1
2691 83 65 100
2692 83 65 1
2693 83 40 1
2694 83 40 1
2695 83 40 1
2696 83 40 1
2697 83 40 1
2698 83 40 1
2699 83 40 1
2700 83 40 10
2701 83 40 10
2702 83 40 10
2703 83 40 10
2704 83 40 1
2705 83 74 10
2706 83 74 10
2707 84 39 1
2708 84 39 1
2709 84 39 1
2710 84 39 1
2711 84 39 10
2712 84 39 1
2713 84 83 10
2714 84 83 10
2715 84 83 1
2716 84 83 1
2717 84 83 1
2718 84 83 1
2719 84 83 1
2720 84 83 1
2721 84 89 1
2722 84 89 1
2723 84 89 1
2724 84 89 1
2725 84 89 1
2726 84 89 1
2727 84 89 1
2728 84 89 1
2729 84 89 1
2730 84 89 1
2731 84 89 10
2732 84 89 10
2733 84 89 10
2734 84 89 1
2735 84 89 10
2736 84 89 10
2737 84 89 10
2738 84 89 1
2739 84 89 1
2740 84 89 1
2741 84 65 1
2742 84 65 1
2743 84 65 1
2744 84 65 1
2745 84 65 1
2746 84 65 1
2747 84 65 1
2748 84 65 1
2749 84 65 1
2750 84 65 1
2751 84 65 1
2752 84 65 1
2753 84 65 1
2754 84 6 10
2755 84 6 1
2756 84 6 10
2757 84 6 1
2758 84 6 10
2759 84 6 10
2760 84 6 10
2761 84 6 10
2762 84 74 1
2763 84 74 100
2764 84 74 1
2765 84 74 100
2766 84 74 100
2767 89 111 10
2768 89 91 1
2769 89 91 100
2770 89 91 100
2771 89 91 100
2772 89 74 10
2773 89 74 100
2774 89 74 100
2775 89 74 10
2776 89 74 100
2777 89 74 100
2778 89 74 1
2779 89 74 1
2780 89 74 1
2781 89 74 1
2782 89 74 1
2783 89 74 1
2784 89 74 1
2785 89 74 1
2786 89 52 1
2787 89 52 1
2788 89 52 1
2789 89 52 1
2790 89 52 1
2791 89 52 1
2792 89 52 1
2793 89 52 1
2794 89 55 10
2795 89 55 10
2796 89 4 10
2797 89 4 10
2798 89 92 10
2799 89 92 10
2800 89 98 10
2801 89 98 10
2802 89 65 1
2803 89 65 10
2804 89 65 10
2805 89 65 10
2806 89 65 10
2807 89 65 10
2808 89 65 10
2809 89 65 10
2810 89 29 10
2811 89 29 10
2812 89 29 10
2813 89 29 10
2814 89 29 10
2815 89 29 1
2816 89 29 10
2817 89 29 10
2818 89 29 10
2819 89 29 10
2820 90 99 10
2821 90 99 10
2822 90 99 10
2823 90 99 10
2824 90 98 10
2825 90 98 10
2826 90 98 100
2827 90 98 100
2828 90 98 10
2829 90 98 10
2830 90 98 10
2831 90 98 1
2832 90 98 10
2833 90 98 10
2834 90 84 1
2835 90 84 10
2836 90 84 10
2837 90 84 10
2838 90 84 10
2839 90 84 10
2840 90 84 10
2841 90 84 10
2842 90 84 10
2843 90 84 10
2844 90 74 10
2845 90 74 10
2846 90 74 10
2847 90 74 10
2848 90 74 10
2849 90 74 1
2850 90 74 10
2851 90 74 10
2852 90 74 10
2853 90 74 10
2854 90 74 10
2855 90 74 2.5
2856 90 74 2.5
2857 90 74 2.5
2858 90 74 2.5
2859 90 74 2.5
2860 90 74 2.5
2861 90 74 1
2862 90 97 2.5
2863 90 97 10
2864 90 97 10
2865 90 97 10
2866 90 97 1
2867 90 97 10
2868 90 97 10
2869 90 97 10
2870 90 97 10
2871 90 89 1
2872 90 89 1
2873 90 89 1
2874 90 89 1
2875 90 89 10
2876 90 89 10
2877 90 89 10
2878 90 89 10
2879 90 70 10
2880 90 70 10
2881 90 70 1
2882 90 89 10
2883 90 89 10
2884 90 89 10
2885 90 93 10
2886 90 93 10
2887 90 93 10
2888 90 93 10
2889 90 93 1
2890 90 93 10
2891 90 93 10
2892 90 93 10
2893 90 93 10
2894 90 93 10
2895 90 93 10
2896 90 93 10
2897 90 140 1
2898 90 140 10
2899 90 140 10
2900 90 140 10
2901 90 140 1
2902 90 140 10
2903 90 140 10
2904 90 112 1
2905 90 112 10
2906 90 112 10
2907 90 112 10
2908 90 112 1
2909 90 112 1
2910 90 112 1
2911 90 112 1
2912 90 112 1
2913 90 112 1
2914 90 112 1
2915 90 112 1
2916 90 112 10
2917 90 112 10
2918 90 112 10
2919 90 112 10
2920 90 112 100
2921 90 112 10
2922 90 112 1
2923 90 112 10
2924 90 112 10
2925 90 112 10
2926 90 112 10
2927 90 112 10
2928 90 112 10
2929 90 112 10
2930 90 112 1
2931 90 112 1
2932 90 112 1
2933 90 112 1
2934 90 112 1
2935 90 112 1
2936 90 112 1
2937 90 112 1
2938 90 112 1
2939 90 112 1
2940 90 112 1
2941 90 112 1
2942 90 112 1
2943 90 112 1
2944 90 112 1
2945 90 112 1
2946 90 112 10
2947 90 112 10
2948 90 112 10
2949 90 112 10
2950 90 112 10
2951 90 112 1
2952 90 112 1
2953 90 143 1
2954 90 143 1
2955 90 143 1
2956 90 143 1
2957 90 143 10
2958 90 143 10
2959 90 143 10
2960 90 143 10
2961 90 143 10
2962 90 143 10
2963 90 143 1
2964 90 143 1
2965 90 143 1
2966 90 143 1
2967 90 143 1
2968 90 143 1
2969 90 143 1
2970 90 143 1
2971 90 143 10
2972 90 143 10
2973 90 143 10
2974 90 143 10
2975 90 143 10
2976 90 143 10
2977 90 143 10
2978 90 143 10
2979 90 143 10
2980 90 143 10
2981 90 143 10
2982 90 143 10
2983 90 83 10
2984 90 83 1
2985 90 83 1
2986 90 83 1
2987 90 83 1
2988 90 114 1
2989 90 114 10
2990 90 114 10
2991 90 114 10
2992 90 114 10
2993 90 114 10
2994 90 114 10
2995 90 114 10
2996 90 65 10
2997 90 65 1
2998 90 65 1
2999 90 65 1
3000 90 65 1
3001 90 65 10
3002 90 65 10
3003 90 65 10
3004 90 65 10
3005 90 65 10
3006 90 65 10
3007 90 94 100
3008 90 94 100
3009 90 94 100
3010 90 94 1
3011 90 94 1
3012 90 94 1
3013 90 94 100
3014 90 94 100
3015 90 91 10
3016 90 91 10
3017 90 91 10
3018 90 91 10
3019 90 91 10
3020 90 91 10
3021 90 91 10
3022 90 91 10
3023 90 91 10
3024 90 91 10
3025 90 91 100
3026 90 91 10
3027 90 91 10
3028 90 91 10
3029 90 91 10
3030 90 91 100
3031 90 91 100
3032 90 91 10
3033 90 91 10
3034 90 61 10
3035 90 61 1
3036 90 61 1
3037 90 61 1
3038 90 143 10
3039 90 143 10
3040 90 143 10
3041 90 143 10
3042 90 62 1
3043 90 62 1
3044 90 62 1
3045 90 62 1
3046 90 52 1
3047 90 52 1
3048 90 52 1
3049 90 52 1
3050 90 8 1
3051 90 8 1
3052 90 8 1
3053 90 8 1
3054 90 6 1
3055 90 6 1
3056 90 6 1
3057 90 6 1
3058 90 6 1
3059 90 6 1
3060 90 6 1
3061 90 6 1
3062 90 16 1
3063 90 16 1
3064 90 16 1
3065 90 16 1
3066 90 92 10
3067 90 92 10
3068 90 92 10
3069 90 92 10
3070 90 92 10
3071 90 92 10
3072 90 92 1
3073 90 101 1
3074 90 101 1
3075 90 101 1
3076 90 101 10
3077 90 162 10
3078 90 162 10
3079 90 162 10
3080 90 162 10
3081 90 129 10
3082 90 129 100
3083 90 129 10
3084 90 129 10
3085 90 111 10
3086 90 111 2.5
3087 90 111 2.5
3088 90 111 2.5
3089 90 111 1
3090 90 111 1
3091 90 111 1
3092 90 111 1
3093 90 111 1
3094 90 111 1
3095 90 111 2.5
3096 90 111 2.5
3097 90 111 2.5
3098 90 111 2.5
3099 90 111 2.5
3100 90 111 2.5
3101 90 162 2.5
3102 90 162 100
3103 90 162 100
3104 90 162 100
3105 90 118 100
3106 90 118 1
3107 90 118 1
3108 90 118 1
3109 90 118 1
3110 90 118 1
3111 90 118 1
3112 90 118 1
3113 90 118 1
3114 90 118 1
3115 90 118 1
3116 90 116 1
3117 90 116 1
3118 90 116 1
3119 90 116 1
3120 90 104 1
3121 90 104 1
3122 90 104 2.5
3123 90 104 2.5
3124 90 104 2.5
3125 90 10 2.5
3126 90 10 2.5
3127 90 10 2.5
3128 90 10 2.5
3129 90 119 2.5
3130 90 119 10
3131 90 119 10
3132 90 119 1
3133 90 119 1
3134 90 6 1
3135 90 6 1
3136 90 6 10
3137 90 6 10
3138 90 6 10
3139 90 6 10
3140 90 6 10
3141 90 6 1
3142 90 6 1
3143 90 6 1
3144 90 6 1
3145 90 6 1
3146 90 6 1
3147 90 6 1
3148 90 6 1
3149 90 6 1
3150 90 96 10
3151 90 96 10
3152 90 96 10
3153 90 96 10
3154 90 96 10
3155 90 96 1
3156 90 96 1
3157 90 96 1
3158 90 96 1
3159 90 96 1
3160 90 96 1
3161 90 96 1
3162 90 96 1
3163 90 96 10
3164 90 96 10
3165 90 96 10
3166 90 96 1
3167 90 96 1
3168 90 96 1
3169 90 96 10
3170 90 96 10
3171 90 96 10
3172 90 96 2.5
3173 90 96 2.5
3174 90 96 2.5
3175 90 96 2.5
3176 90 96 10
3177 90 96 10
3178 90 96 10
3179 90 96 10
3180 90 96 1
3181 90 97 1
3182 90 97 1
3183 90 97 10
3184 90 97 10
3185 90 97 10
3186 90 97 10
3187 90 97 10
3188 90 97 10
3189 90 97 10
3190 90 132 10
3191 90 132 10
3192 90 132 10
3193 90 132 10
3194 90 132 10
3195 90 132 2.5
3196 90 132 1
3197 90 64 1
3198 90 64 1
3199 90 64 1
3200 90 64 2.5
3201 90 64 2.5
3202 90 64 2.5
3203 90 64 10
3204 90 64 10
3205 91 65 10
3206 91 65 1
3207 91 65 1
3208 91 65 1
3209 91 65 1
3210 91 65 1
3211 91 65 1
3212 91 65 1
3213 91 65 1
3214 91 65 10
3215 91 65 10
3216 91 65 10
3217 91 92 100
3218 91 92 1
3219 91 92 1
3220 91 92 1
3221 94 143 1
3222 94 143 1
3223 94 143 1
3224 94 143 1
3225 94 143 1
3226 94 143 1
3227 94 143 1
3228 94 143 1
3229 94 89 1
3230 94 89 1
3231 94 89 1
3232 94 89 1
3233 94 89 1
3234 94 16 1
3235 94 16 1
3236 94 16 1
3237 94 16 1
3238 94 16 1
3239 94 16 1
3240 94 43 1
3241 94 43 1
3242 94 43 1
3243 94 74 1
3244 94 74 1
3245 94 74 1
3246 94 74 1
3247 94 74 1
3248 94 74 10
3249 94 74 10
3250 94 74 10
3251 94 74 10
3252 94 74 1
3253 94 74 1
3254 94 74 1
3255 94 118 1
3256 94 29 1
3257 96 99 1
3258 96 97 1
3259 96 97 1
3260 96 97 10
3261 96 97 10
3262 96 97 10
3263 96 97 10
3264 96 97 10
3265 96 97 10
3266 96 97 10
3267 96 97 1
3268 96 97 1
3269 96 97 1
3270 96 97 1
3271 96 97 1
3272 96 97 1
3273 96 97 1
3274 96 74 1
3275 96 74 1
3276 96 74 1
3277 96 74 10
3278 96 74 10
3279 96 74 10
3280 96 74 40
3281 96 74 10
3282 96 74 10
3283 96 74 1
3284 96 74 1
3285 96 74 1
3286 96 74 10
3287 96 74 10
3288 96 74 10
3289 96 112 10
3290 96 112 1
3291 96 112 1
3292 96 22 1
3293 96 22 1
3294 96 22 1
3295 96 63 1
3296 96 63 1
3297 96 63 1
3298 96 119 1
3299 96 119 1
3300 96 119 1
3301 96 119 1
3302 96 119 1
3303 96 119 1
3304 96 119 1
3305 96 119 1
3306 96 119 1
3307 96 119 1
3308 96 94 1
3309 96 6 1
3310 96 112 1
3311 96 112 1
3312 96 112 1
3313 96 112 1
3314 96 112 10
3315 96 112 10
3316 96 112 1
3317 96 112 1
3318 96 78 1
3319 96 78 1
3320 96 78 1
3321 96 78 1
3322 96 78 1
3323 96 78 1
3324 96 78 1
3325 96 78 1
3326 96 78 1
3327 96 116 1
3328 96 116 1
3329 96 116 1
3330 96 116 1
3331 96 116 1
3332 96 116 10
3333 96 116 10
3334 96 116 10
3335 96 116 10
3336 96 116 10
3337 96 116 10
3338 96 89 2.5
3339 96 113 2.5
3340 96 113 2.5
3341 96 113 2.5
3342 96 113 2.5
3343 98 74 2.5
3344 98 74 1
3345 98 74 1
3346 98 74 1
3347 98 74 1
3348 98 74 2.5
3349 98 74 2.5
3350 98 74 2.5
3351 98 74 2.5
3352 98 74 2.5
3353 98 74 2.5
3354 98 74 2.5
3355 98 74 2.5
3356 98 74 2.5
3357 98 74 1
3358 98 74 1
3359 98 97 1
3360 98 97 1
3361 98 97 2.5
3362 98 97 2.5
3363 98 97 2.5
3364 98 97 2.5
3365 98 97 2.5
3366 98 97 2.5
3367 98 97 2.5
3368 98 97 10
3369 98 97 10
3370 98 97 1
3371 98 97 1
3372 98 97 1
3373 99 98 1
3374 99 98 1
3375 99 98 10
3376 99 98 1
3377 99 74 10
3378 99 74 10
3379 99 74 10
3380 99 74 1
3381 99 74 1
3382 99 74 1
3383 99 74 1
3384 99 74 1
3385 99 74 1
3386 99 74 1
3387 99 74 1
3388 99 74 10
3389 99 74 10
3390 99 74 10
3391 99 74 1
3392 99 74 1
3393 99 74 1
3394 99 74 1
3395 99 74 10
3396 99 74 1
3397 100 97 10
3398 100 97 10
3399 100 97 10
3400 100 97 10
3401 101 102 1
3402 101 102 1
3403 101 102 1
3404 101 102 1
3405 101 74 1
3406 101 74 1
3407 101 74 1
3408 101 74 1
3409 101 74 10
3410 101 74 10
3411 101 74 1
3412 101 74 1
3413 101 74 1
3414 101 74 1
3415 101 74 10
3416 101 74 10
3417 101 8 10
3418 101 8 10
3419 101 8 1
3420 101 8 1
3421 101 8 1
3422 101 8 1
3423 101 8 1
3424 101 8 1
3425 101 8 1
3426 101 117 1
3427 101 117 1
3428 101 117 1
3429 101 117 1
3430 101 116 1
3431 103 74 1
3432 103 74 1
3433 103 74 1
3434 103 74 1
3435 103 102 1
3436 103 102 1
3437 103 102 1
3438 103 102 1
3439 105 107 1
3440 105 107 1
3441 105 107 1
3442 105 107 1
3443 105 38 10
3444 105 38 10
3445 105 90 10
3446 105 90 10
3447 105 90 10
3448 105 90 1
3449 105 90 1
3450 105 90 1
3451 105 90 10
3452 105 90 10
3453 105 90 10
3454 105 90 10
3455 105 90 10
3456 107 104 10
3457 107 104 1
3458 107 104 1
3459 107 104 1
3460 107 104 1
3461 107 104 1
3462 107 104 10
3463 107 104 10
3464 107 74 10
3465 107 74 1
3466 107 74 1
3467 107 74 1
3468 107 74 1
3469 107 74 1
3470 107 74 1
3471 107 74 1
3472 111 65 1
3473 111 65 2.5
3474 111 65 2.5
3475 111 65 2.5
3476 111 74 2.5
3477 111 74 2.5
3478 111 74 2.5
3479 111 74 1
3480 111 74 1
3481 111 123 1
3482 111 143 1
3483 111 143 1
3484 111 143 1
3485 111 143 2.5
3486 111 143 2.5
3487 111 143 2.5
3488 111 143 2.5
3489 111 143 10
3490 111 143 10
3491 111 143 10
3492 111 143 10
3493 111 143 1
3494 111 143 1
3495 111 112 1
3496 111 112 10
3497 111 112 10
3498 111 112 10
3499 111 162 100
3500 111 162 100
3501 111 162 100
3502 111 162 100
3503 111 162 100
3504 111 162 100
3505 111 162 1
3506 111 162 1
3507 111 162 1
3508 111 162 1
3509 111 162 1
3510 111 162 1
3511 111 162 1
3512 111 162 1
3513 111 162 10
3514 111 162 10
3515 111 162 10
3516 111 162 10
3517 111 162 1
3518 111 162 1
3519 112 116 1
3520 112 116 1
3521 112 116 10
3522 112 116 10
3523 112 118 10
3524 112 118 10
3525 112 118 10
3526 112 118 10
3527 112 118 10
3528 112 118 10
3529 112 118 10
3530 112 118 10
3531 112 2 1
3532 112 2 10
3533 112 2 10
3534 112 2 1
3535 112 2 1
3536 115 116 1
3537 115 116 1
3538 115 116 10
3539 117 74 10
3540 117 74 1
3541 117 74 1
3542 117 74 1
3543 117 74 1
3544 117 74 10
3545 117 74 10
3546 117 54 10
3547 117 54 1
3548 117 54 10
3549 117 54 10
3550 117 54 1
3551 117 54 10
3552 117 54 10
3553 117 54 10
3554 117 54 10
3555 117 54 10
3556 117 54 1
3557 117 54 1
3558 117 54 1
3559 117 54 10
3560 117 54 10
3561 117 54 10
3562 117 54 1
3563 117 54 10
3564 117 54 10
3565 117 120 10
3566 117 143 1
3567 117 143 10
3568 117 143 10
3569 117 143 10
3570 117 118 10
3571 117 118 1
3572 117 118 10
3573 117 118 10
3574 117 118 1
3575 117 118 10
3576 117 118 10
3577 117 116 10
3578 118 116 10
3579 118 116 10
3580 118 116 10
3581 118 116 1
3582 118 116 1
3583 118 116 10
3584 118 116 10
3585 118 116 10
3586 118 116 1
3587 118 152 1
3588 118 152 1
3589 118 152 1
3590 118 152 1
3591 119 112 1
3592 119 112 1
3593 119 112 1
3594 119 112 10
3595 119 112 10
3596 119 112 10
3597 119 112 1
3598 119 112 10
3599 119 112 10
3600 119 112 10
3601 119 112 1
3602 119 112 1
3603 119 112 10
3604 119 112 10
3605 119 112 10
3606 119 112 1
3607 119 112 1
3608 119 112 1
3609 119 112 1
3610 119 112 1
3611 119 112 1
3612 119 112 1
3613 119 112 1
3614 119 112 1
3615 119 112 1
3616 119 112 1
3617 119 112 1
3618 119 112 1
3619 119 112 1
3620 119 112 1
3621 119 112 1
3622 119 11 1
3623 119 11 1
3624 119 11 1
3625 119 11 1
3626 119 116 1
3627 119 116 1
3628 119 116 1
3629 119 116 1
3630 122 123 1
3631 122 123 1
3632 122 123 1
3633 122 123 1
3634 124 143 1
3635 124 143 1
3636 124 143 1
3637 124 143 1
3638 124 143 1
3639 124 143 1
3640 124 143 1
3641 124 143 1
3642 124 143 1
3643 124 143 1
3644 124 143 10
3645 124 143 10
3646 124 143 10
3647 124 143 10
3648 124 143 10
3649 124 128 10
3650 124 128 1
3651 124 128 1
3652 124 128 10
3653 124 128 10
3654 124 128 10
3655 124 128 10
3656 124 123 10
3657 124 123 10
3658 124 123 100
3659 126 111 10
3660 126 111 10
3661 126 111 10
3662 126 111 10
3663 126 111 100
3664 126 111 100
3665 126 111 100
3666 126 111 100
3667 126 111 1
3668 126 111 1
3669 126 143 1
3670 126 143 1
3671 126 143 1
3672 126 143 1
3673 126 143 1
3674 126 143 1
3675 126 143 10
3676 126 143 10
3677 126 143 10
3678 126 143 10
3679 126 143 10
3680 126 143 10
3681 126 143 10
3682 126 143 1
3683 126 143 10
3684 126 143 10
3685 126 143 10
3686 126 143 1
3687 126 143 1
3688 126 143 1
3689 126 143 1
3690 126 143 10
3691 126 143 10
3692 126 143 10
3693 126 143 10
3694 126 143 10
3695 126 143 1
3696 126 143 1
3697 126 143 1
3698 126 143 1
3699 126 143 1
3700 126 143 10
3701 126 143 10
3702 126 143 10
3703 126 143 10
3704 126 143 10
3705 126 143 10
3706 126 143 10
3707 126 143 1
3708 126 143 1
3709 126 143 1
3710 126 143 1
3711 126 143 1
3712 126 143 1
3713 126 143 1
3714 126 143 1
3715 126 143 10
3716 126 143 10
3717 126 107 10
3718 126 107 10
3719 126 107 1
3720 126 107 1
3721 126 162 10
3722 126 162 10
3723 126 162 10
3724 126 162 1
3725 129 74 1
3726 129 74 1
3727 129 74 1
3728 129 74 10
3729 129 143 10
3730 129 143 10
3731 129 143 10
3732 129 143 10
3733 129 143 10
3734 129 143 1
3735 129 143 1
3736 129 143 1
3737 129 143 1
3738 129 143 1
3739 129 143 1
3740 129 143 1
3741 129 143 1
3742 129 143 10
3743 129 143 10
3744 129 143 10
3745 129 143 1
3746 129 143 1
3747 129 143 1
3748 129 143 1
3749 129 143 1
3750 129 143 1
3751 129 143 1
3752 129 143 1
3753 129 143 10
3754 129 143 10
3755 129 143 10
3756 129 143 10
3757 129 143 10
3758 129 143 1
3759 129 143 1
3760 129 143 1
3761 129 143 1
3762 129 143 1
3763 129 143 1
3764 129 143 1
3765 129 143 1
3766 129 143 10
3767 129 143 10
3768 129 143 10
3769 129 143 10
3770 129 143 10
3771 129 143 2.5
3772 129 143 2.5
3773 129 143 2.5
3774 129 143 2.5
3775 129 143 2.5
3776 129 137 2.5
3777 129 137 2.5
3778 129 128 2.5
3779 129 128 1
3780 129 128 10
3781 129 128 10
3782 129 128 10
3783 129 128 10
3784 129 128 10
3785 129 128 10
3786 129 128 10
3787 129 128 10
3788 129 128 10
3789 129 128 10
3790 129 128 1
3791 129 128 1
3792 129 128 1
3793 129 128 1
3794 129 128 10
3795 129 128 10
3796 129 128 10
3797 129 128 1
3798 129 11 1
3799 129 11 10
3800 129 11 10
3801 129 11 1
3802 129 11 1
3803 129 133 1
3804 129 133 10
3805 129 133 10
3806 129 133 2.5
3807 129 133 2.5
3808 129 133 2.5
3809 129 133 2.5
3810 129 133 2.5
3811 129 133 2.5
3812 129 133 2.5
3813 129 133 2.5
3814 129 133 10
3815 129 133 10
3816 129 133 10
3817 129 133 10
3818 129 133 10
3819 129 133 1
3820 129 133 1
3821 129 22 1
3822 129 22 1
3823 129 22 1
3824 129 22 1
3825 129 162 1
3826 129 162 1
3827 129 162 1
3828 129 162 1
3829 129 162 1
3830 129 162 1
3831 129 162 1
3832 129 162 1
3833 129 148 1
3834 129 148 1
3835 129 148 10
3836 129 148 1
3837 129 148 1
3838 129 148 1
3839 131 143 10
3840 131 143 10
3841 131 143 1
3842 131 143 1
3843 131 143 1
3844 131 143 1
3845 131 162 1
3846 131 162 1
3847 131 162 1
3848 131 162 1
3849 131 162 1
3850 131 133 1
3851 131 133 1
3852 131 133 1
3853 131 38 1
3854 131 38 1
3855 131 38 1
3856 131 38 1
3857 131 6 1
3858 131 6 1
3859 131 6 1
3860 131 6 1
3861 131 6 1
3862 131 6 1
3863 131 6 1
3864 131 6 1
3865 131 6 1
3866 131 6 1
3867 131 6 1
3868 131 6 1
3869 131 6 1
3870 131 6 1
3871 131 6 2.5
3872 131 6 2.5
3873 131 6 1
3874 131 6 1
3875 131 6 1
3876 131 6 2.5
3877 131 6 2.5
3878 131 6 2.5
3879 131 6 10
3880 131 6 10
3881 131 6 10
3882 131 6 10
3883 131 6 10
3884 131 6 10
3885 131 6 1
3886 131 6 1
3887 131 6 1
3888 131 6 1
3889 131 6 10
3890 131 6 10
3891 131 6 10
3892 131 6 10
3893 131 6 10
3894 131 6 10
3895 131 6 10
3896 131 132 10
3897 131 132 10
3898 131 132 10
3899 131 132 1
3900 131 132 1
3901 131 132 100
3902 131 132 100
3903 131 132 100
3904 131 132 1
3905 131 132 1
3906 131 132 1
3907 131 132 100
3908 131 132 100
3909 131 132 1
3910 131 132 1
3911 131 132 10
3912 131 129 10
3913 131 129 10
3914 131 129 10
3915 131 129 10
3916 131 129 10
3917 131 129 10
3918 131 129 10
3919 131 129 10
3920 131 129 1
3921 131 129 1
3922 131 129 1
3923 131 129 1
3924 131 129 10
3925 131 129 10
3926 131 129 10
3927 131 129 10
3928 131 129 10
3929 131 129 10
3930 131 129 1
3931 131 129 1
3932 131 29 1
3933 131 29 1
3934 131 29 10
3935 131 29 100
3936 131 29 100
3937 131 29 100
3938 132 78 1
3939 132 78 1
3940 132 78 10
3941 132 143 10
3942 132 143 1
3943 132 143 1
3944 132 143 1
3945 132 143 10
3946 132 143 10
3947 132 143 10
3948 132 143 100
3949 133 94 100
3950 133 94 10
3951 133 94 10
3952 133 94 1
3953 133 94 10
3954 133 162 10
3955 133 162 10
3956 133 162 1
3957 133 162 10
3958 133 162 10
3959 133 162 10
3960 133 6 40
3961 133 6 40
3962 133 6 10
3963 133 6 10
3964 133 6 10
3965 133 6 1
3966 133 112 10
3967 133 112 10
3968 133 112 10
3969 133 112 10
3970 133 112 10
3971 133 112 10
3972 133 112 100
3973 133 112 100
3974 133 112 1
3975 133 112 100
3976 133 112 100
3977 133 112 100
3978 133 112 2.5
3979 133 112 2.5
3980 133 112 2.5
3981 133 132 2.5
3982 133 132 2.5
3983 133 132 1
3984 133 143 2.5
3985 133 143 2.5
3986 133 143 10
3987 133 143 1
3988 133 143 10
3989 133 143 1
3990 133 143 1
3991 133 97 1
3992 133 16 1
3993 133 16 1
3994 133 16 1
3995 133 16 1
3996 133 16 1
3997 133 16 2.5
3998 133 16 2.5
3999 133 16 2.5
4000 133 16 2.5
4001 133 16 1
4002 133 16 2.5
4003 133 16 2.5
4004 133 16 2.5
4005 133 16 1
4006 133 16 1
4007 133 29 1
4008 133 29 1
4009 137 138 1
4010 137 138 1
4011 137 138 10
4012 137 138 1
4013 137 148 1
4014 137 148 1
4015 137 162 1
4016 137 162 1
4017 137 162 2.5
4018 137 162 2.5
4019 137 65 1
4020 137 65 2.5
4021 137 65 10
4022 137 65 10
4023 137 65 10
4024 137 65 100
4025 137 143 2.5
4026 137 143 1
4027 137 143 2.5
4028 137 143 2.5
4029 137 143 2.5
4030 138 139 2.5
4031 138 139 2.5
4032 138 139 2.5
4033 138 139 10
4034 138 139 1
4035 138 139 10
4036 138 139 10
4037 138 139 10
4038 138 63 10
4039 140 139 1
4040 140 139 10
4041 140 139 1
4042 140 139 10
4043 140 139 10
4044 140 139 10
4045 140 139 10
4046 140 139 1
4047 140 143 10
4048 140 143 10
4049 140 143 10
4050 141 117 2.5
4051 141 117 1
4052 141 117 2.5
4053 141 117 2.5
4054 141 117 2.5
4055 141 117 2.5
4056 141 117 2.5
4057 141 117 2.5
4058 141 162 10
4059 141 162 10
4060 141 162 1
4061 143 128 10
4062 143 128 10
4063 143 128 10
4064 143 128 10
4065 143 128 10
4066 143 128 10
4067 143 128 10
4068 143 128 10
4069 143 128 1
4070 143 128 1
4071 143 128 1
4072 143 128 1
4073 143 128 1
4074 143 128 1
4075 143 128 1
4076 143 128 1
4077 143 128 1
4078 143 128 1
4079 143 128 1
4080 143 128 1
4081 143 128 1
4082 143 128 1
4083 143 128 1
4084 143 128 1
4085 143 128 1
4086 143 128 1
4087 143 128 1
4088 143 128 1
4089 143 128 1
4090 143 128 1
4091 143 128 1
4092 143 128 1
4093 143 128 10
4094 143 128 10
4095 143 128 10
4096 143 128 10
4097 143 128 10
4098 143 128 1
4099 143 128 10
4100 143 128 10
4101 143 128 10
4102 143 128 10
4103 143 128 10
4104 143 128 10
4105 143 128 10
4106 143 128 10
4107 143 128 1
4108 143 128 10
4109 143 128 10
4110 143 128 10
4111 143 128 100
4112 143 128 100
4113 143 128 100
4114 143 128 1
4115 143 128 1
4116 143 128 1
4117 143 128 1
4118 143 128 1
4119 143 128 1
4120 143 128 1
4121 143 128 1
4122 143 128 10
4123 143 128 1
4124 143 128 10
4125 143 128 10
4126 143 128 10
4127 143 128 10
4128 143 128 10
4129 143 128 10
4130 143 128 10
4131 143 128 1
4132 143 128 10
4133 143 128 1
4134 143 128 1
4135 143 128 10
4136 143 128 10
4137 143 128 10
4138 143 128 1
4139 143 128 10
4140 143 128 10
4141 143 128 2.5
4142 143 128 2.5
4143 143 128 2.5
4144 143 128 2.5
4145 143 128 2.5
4146 143 128 2.5
4147 143 128 2.5
4148 143 128 2.5
4149 143 128 10
4150 143 128 10
4151 143 128 1
4152 143 123 10
4153 143 123 1
4154 143 123 1
4155 143 123 1
4156 143 123 1
4157 143 123 1
4158 143 123 1
4159 143 123 1
4160 143 123 1
4161 143 123 1
4162 143 123 1
4163 143 123 10
4164 143 123 1
4165 143 123 10
4166 143 123 100
4167 143 123 100
4168 143 123 100
4169 143 123 100
4170 143 123 100
4171 143 123 2.5
4172 143 123 2.5
4173 143 123 2.5
4174 143 123 1
4175 143 123 2.5
4176 143 123 2.5
4177 143 123 2.5
4178 143 123 2.5
4179 143 123 1
4180 143 123 10
4181 143 123 1
4182 143 123 10
4183 143 123 1
4184 143 123 1
4185 143 123 1
4186 143 123 1
4187 143 123 1
4188 143 123 1
4189 143 123 1
4190 143 123 1
4191 143 112 1
4192 143 112 1
4193 143 112 1
4194 143 112 1
4195 144 8 1
4196 144 8 1
4197 144 8 1
4198 144 8 1
4199 144 8 1
4200 144 8 1
4201 144 8 1
4202 144 8 1
4203 144 63 1
4204 144 63 1
4205 144 63 1
4206 144 143 1
4207 144 143 1
4208 144 143 1
4209 144 143 1
4210 144 148 1
4211 144 148 1
4212 144 148 1
4213 144 148 1
4214 144 148 1
4215 144 148 1
4216 144 148 1
4217 144 148 1
4218 144 143 1
4219 144 128 1
4220 144 128 1
4221 144 128 1
4222 144 128 1
4223 144 128 1
4224 144 128 1
4225 144 128 1
4226 148 143 1
4227 148 143 1
4228 148 143 1
4229 148 143 10
4230 148 143 1
4231 148 143 10
4232 148 143 1
4233 148 143 1
4234 148 143 1
4235 148 143 1
4236 148 143 1
4237 148 143 1
4238 148 143 1
4239 148 143 1
4240 148 70 10
4241 148 70 10
4242 148 70 10
4243 148 70 10
4244 148 128 1
4245 148 128 10
4246 148 128 10
4247 148 128 10
4248 148 160 10
4249 148 163 10
4250 148 163 10
4251 148 163 1
4252 148 163 1
4253 148 163 1
4254 148 163 10
4255 148 163 1
4256 148 163 10
4257 148 163 10
4258 148 163 1
4259 148 163 1
4260 148 163 1
4261 148 162 10
4262 148 162 10
4263 148 162 10
4264 148 162 1
4265 148 162 10
4266 148 162 10
4267 148 162 1
4268 148 162 1
4269 148 162 1
4270 150 89 1
4271 150 89 1
4272 150 89 1
4273 150 89 1
4274 150 148 1
4275 150 148 10
4276 150 148 10
4277 150 148 10
4278 150 148 1
4279 150 148 10
4280 150 148 10
4281 150 148 10
4282 150 148 10
4283 150 148 2.5
4284 150 129 1
4285 150 129 2.5
4286 150 129 2.5
4287 150 129 2.5
4288 150 129 2.5
4289 150 129 2.5
4290 150 129 2.5
4291 150 129 10
4292 150 129 10
4293 150 162 1
4294 150 162 10
4295 150 162 10
4296 150 162 10
4297 150 162 10
4298 150 162 10
4299 150 162 1
4300 150 162 1
4301 150 22 1
4302 150 22 10
4303 150 22 1
4304 150 22 10
4305 150 143 10
4306 150 143 1
4307 150 143 1
4308 150 143 1
4309 151 143 1
4310 151 143 1
4311 151 143 1
4312 151 143 1
4313 151 143 1
4314 151 143 1
4315 151 143 10
4316 151 143 1
4317 151 143 10
4318 151 143 10
4319 151 152 10
4320 151 152 10
4321 151 152 10
4322 151 152 10
4323 151 116 10
4324 151 116 10
4325 151 116 2.5
4326 151 116 1
4327 151 116 2.5
4328 151 116 2.5
4329 151 116 2.5
4330 151 116 2.5
4331 151 96 2.5
4332 151 96 2.5
4333 151 96 2.5
4334 151 96 2.5
4335 151 96 1
4336 151 96 10
4337 151 96 10
4338 151 96 10
4339 151 162 10
4340 151 162 2.5
4341 151 162 2.5
4342 152 155 2.5
4343 152 155 1
4344 152 143 2.5
4345 152 143 2.5
4346 152 143 2.5
4347 152 157 2.5
4348 152 157 2.5
4349 152 157 1
4350 152 23 10
4351 152 23 10
4352 152 23 10
4353 152 23 1
4354 152 23 10
4355 152 23 10
4356 153 152 100
4357 153 152 1
4358 153 152 1
4359 153 152 1
4360 153 152 1
4361 153 152 10
4362 154 55 10
4363 154 55 1
4364 154 55 10
4365 154 55 10
4366 154 143 1
4367 154 143 1
4368 154 143 1
4369 154 143 1
4370 154 143 1
4371 154 143 1
4372 154 143 1
4373 154 143 10
4374 154 143 10
4375 154 143 1
4376 154 143 10
4377 154 143 10
4378 154 143 1
4379 154 143 10
4380 154 143 10
4381 154 143 10
4382 154 143 2.5
4383 154 143 1
4384 154 143 2.5
4385 154 143 2.5
4386 154 97 2.5
4387 154 97 2.5
4388 154 97 1
4389 154 97 2.5
4390 154 97 10
4391 154 97 10
4392 154 97 1
4393 154 97 10
4394 154 97 10
4395 154 153 10
4396 154 153 10
4397 154 153 10
4398 154 153 10
4399 154 153 10
4400 154 153 10
4401 154 153 1
4402 154 153 2.5
4403 154 153 2.5
4404 154 153 2.5
4405 154 153 2.5
4406 154 153 2.5
4407 154 153 2.5
4408 154 160 2.5
4409 154 160 2.5
4410 154 160 2.5
4411 154 160 1
4412 154 160 2.5
4413 154 160 2.5
4414 154 160 2.5
4415 154 160 2.5
4416 154 160 2.5
4417 154 160 2.5
4418 154 160 2.5
4419 154 160 2.5
4420 154 160 1
4421 154 160 1
4422 154 160 1
4423 154 160 1
4424 154 162 10
4425 154 162 1
4426 154 162 10
4427 154 162 10
4428 154 162 1
4429 154 162 1
4430 154 162 1
4431 154 162 10
4432 154 162 10
4433 154 162 10
4434 154 162 1
4435 154 162 1
4436 154 162 10
4437 154 162 10
4438 154 162 10
4439 154 162 10
4440 154 159 1
4441 154 159 1
4442 154 159 1
4443 154 159 1
4444 154 159 1
4445 154 159 1
4446 154 159 1
4447 154 159 1
4448 154 159 1
4449 154 159 1
4450 154 159 1
4451 154 159 10
4452 154 159 10
4453 154 159 10
4454 154 159 10
4455 154 159 10
4456 154 159 10
4457 154 159 1
4458 154 159 10
4459 154 159 10
4460 154 159 10
4461 154 159 10
4462 154 159 1
4463 154 159 1
4464 154 159 1
4465 154 159 1
4466 154 159 1
4467 154 159 1
4468 154 159 1
4469 155 159 1
4470 155 159 10
4471 155 159 10
4472 156 152 1
4473 156 152 10
4474 156 162 10
4475 156 162 10
4476 156 162 10
4477 156 162 10
4478 156 154 10
4479 156 154 10
4480 156 154 10
4481 156 154 10
4482 156 154 10
4483 156 154 10
4484 156 154 1
4485 156 154 10
4486 156 154 10
4487 156 154 10
4488 156 154 10
4489 156 154 10
4490 156 154 10
4491 156 154 10
4492 156 154 10
4493 156 154 10
4494 156 154 10
4495 156 154 10
4496 156 57 1
4497 156 57 10
4498 156 57 10
4499 156 154 10
4500 156 154 10
4501 156 154 1
4502 156 154 1
4503 156 154 1
4504 156 154 1
4505 156 65 1
4506 156 65 1
4507 156 65 1
4508 156 65 1
4509 156 143 1
4510 156 143 1
4511 156 143 1
4512 156 143 1
4513 156 143 1
4514 156 143 1
4515 156 143 1
4516 156 155 1
4517 156 155 10
4518 157 143 10
4519 157 143 10
4520 157 143 10
4521 157 143 1
4522 157 143 10
4523 157 143 10
4524 157 143 10
4525 157 143 10
4526 157 143 10
4527 157 159 10
4528 157 159 10
4529 157 159 10
4530 159 143 10
4531 159 143 1
4532 159 143 10
4533 159 143 10
4534 159 143 1
4535 160 143 1
4536 160 143 10
4537 160 143 10
4538 160 143 10
4539 160 143 1
4540 160 143 1
4541 160 143 1
4542 160 143 10
4543 160 143 10
4544 160 143 1
4545 160 143 10
4546 160 143 10
4547 160 143 10
4548 160 143 10
4549 160 143 100
4550 160 143 1
4551 160 143 1
4552 160 143 10
4553 160 143 10
4554 160 143 10
4555 160 143 1
4556 160 143 10
4557 160 143 10
4558 160 143 10
4559 160 143 10
4560 161 152 10
4561 161 152 1
4562 161 152 2.5
4563 161 162 10
4564 161 162 1
4565 161 162 1
4566 161 162 1
4567 161 162 1
4568 161 162 1
4569 161 162 1
4570 161 162 1
4571 161 162 1
4572 161 162 1
4573 161 162 10
4574 161 160 10
4575 161 160 10
4576 161 160 2.5
4577 161 160 10
4578 161 160 1
4579 162 157 10
4580 162 157 10
4581 162 157 10
4582 162 157 10
4583 162 157 2.5
4584 162 157 2.5
4585 162 157 1
4586 162 157 2.5
4587 162 157 2.5
4588 162 8 2.5
4589 162 8 2.5
4590 162 8 2.5
4591 162 8 10
4592 162 8 10
4593 162 8 1
4594 162 8 10
4595 162 8 1
4596 162 173 1
4597 162 173 1
4598 162 173 1
4599 162 74 1
4600 162 74 1
4601 162 74 1
4602 162 74 1
4603 162 74 10
4604 162 74 1
4605 162 74 10
4606 162 74 10
4607 162 74 1
4608 162 74 1
4609 162 74 1
4610 162 74 1
4611 162 74 10
4612 162 74 1
4613 162 74 10
4614 162 74 10
4615 162 74 10
4616 162 74 10
4617 162 74 10
4618 162 74 10
4619 162 74 1
4620 162 159 1
4621 162 159 1
4622 162 159 1
4623 162 159 10
4624 162 159 1
4625 162 159 10
4626 162 159 10
4627 162 159 10
4628 162 163 10
4629 162 163 1
4630 162 163 10
4631 162 163 10
4632 162 163 10
4633 162 163 2.5
4634 162 163 1
4635 162 155 2.5
4636 162 155 2.5
4637 162 155 2.5
4638 162 160 1
4639 162 160 2.5
4640 162 160 2.5
4641 162 160 100
4642 162 160 1
4643 162 160 1
4644 162 160 1
4645 162 160 10
4646 162 160 10
4647 162 160 10
4648 162 160 1
4649 162 160 1
4650 162 160 100
4651 162 160 100
4652 162 160 100
4653 162 160 100
4654 162 160 100
4655 162 160 10
4656 162 160 10
4657 162 160 10
4658 162 160 1
4659 162 160 10
4660 162 160 10
4661 162 160 1
4662 162 160 10
4663 162 160 10
4664 162 160 10
4665 162 160 10
4666 162 160 10
4667 162 160 10
4668 162 160 10
4669 162 160 10
4670 162 160 10
4671 162 160 10
4672 162 160 10
4673 162 160 10
4674 162 160 10
4675 162 16 10
4676 162 16 10
4677 162 16 10
4678 162 143 10
4679 162 143 10
4680 162 143 2.5
4681 162 143 2.5
4682 162 143 1
4683 162 143 1
4684 162 143 1
4685 162 143 2.5
4686 162 143 2.5
4687 162 143 2.5
4688 162 143 10
4689 162 143 10
4690 162 143 10
4691 162 143 10
4692 162 143 10
4693 162 143 10
4694 162 143 10
4695 162 143 1
4696 162 143 1
4697 162 143 1
4698 162 143 1
4699 162 143 2.5
4700 162 143 2.5
4701 162 143 2.5
4702 162 143 10
4703 162 143 10
4704 162 143 10
4705 162 143 1
4706 162 143 1
4707 162 143 1
4708 162 143 10
4709 162 143 2.5
4710 162 143 2.5
4711 162 143 2.5
4712 162 143 2.5
4713 162 143 2.5
4714 162 143 2.5
4715 162 143 1
4716 162 143 1
4717 162 143 1
4718 162 143 1
4719 162 143 10
4720 162 143 10
4721 162 143 10
4722 162 128 100
4723 162 128 10
4724 162 128 2.5
4725 162 128 2.5
4726 162 128 1
4727 162 128 1
4728 162 128 1
4729 162 128 2.5
4730 162 128 2.5
4731 162 128 2.5
4732 162 128 10
4733 162 128 10
4734 162 112 10
4735 162 132 10
4736 162 132 10
4737 162 132 10
4738 162 132 10
4739 162 132 10
4740 162 132 1
4741 162 132 10
4742 162 132 10
4743 163 143 10
4744 163 143 10
4745 163 143 1
4746 163 143 1
4747 164 6 1
4748 164 6 1
4749 164 2 10
4750 164 61 10
4751 164 11 10
4752 164 11 1
4753 164 11 1
4754 164 11 10
4755 164 11 10
4756 164 11 10
4757 164 11 10
4758 164 11 1
4759 164 11 1
4760 164 11 1
4761 164 11 1
4762 164 11 10
4763 164 11 100
4764 164 11 100
4765 164 11 100
4766 164 11 100
4767 164 11 100
4768 164 11 1
4769 164 11 1
4770 164 11 10
4771 164 11 10
4772 164 11 10
4773 164 11 1
4774 164 11 1
4775 164 11 1
4776 164 11 1
4777 164 11 1
4778 164 11 1
4779 164 11 1
4780 164 11 1
4781 164 11 2.5
4782 164 11 2.5
4783 164 11 2.5
4784 164 11 2.5
4785 164 11 2.5
4786 164 90 2.5
4787 164 90 2.5
4788 166 9 2.5
4789 166 9 10
4790 166 9 10
4791 166 9 10
4792 166 11 10
4793 166 11 10
4794 170 128 2.5
4795 170 128 1
4796 170 128 1
4797 170 128 1
4798 170 143 1
4799 170 143 2.5
4800 170 143 2.5
4801 170 143 2.5
4802 171 151 1
4803 171 151 1
4804 171 151 1
4805 172 143 1
4806 172 143 1
4807 172 143 1
4808 172 173 10
4809 172 173 10
4810 172 173 10
4811 173 159 10
4812 173 159 10
