4812
1 129 44 2.5
2 129 44 2.5
3 129 44 2.5
4 129 44 2.5
5 129 44 2.5
6 129 44 2.5
7 129 44 2.5
8 129 44 2.5
9 129 44 2.5
10 129 44 2.5
11 129 44 2.5
12 156 57 10
13 156 57 10
14 156 57 10
15 156 57 10
16 156 57 10
17 156 57 10
18 156 57 10
19 156 57 10
20 156 57 10
21 156 57 10
22 156 57 10
23 48 36 1
24 48 36 1
25 48 36 1
26 48 36 1
27 48 36 1
28 48 36 1
29 48 36 1
30 48 36 1
31 48 36 1
32 48 36 1
33 48 36 1
34 48 36 1
35 48 36 1
36 2 6 10
37 2 6 10
38 2 6 10
39 2 6 10
40 2 6 10
41 2 6 10
42 2 6 10
43 129 148 1
44 129 148 1
45 129 148 1
46 129 148 1
47 129 148 1
48 129 148 1
49 129 148 1
50 129 148 1
51 129 148 1
52 129 148 1
53 129 148 1
54 129 148 1
55 129 148 1
56 129 148 1
57 45 141 100
58 61 51 2.5
59 61 51 2.5
60 61 51 2.5
61 61 51 2.5
62 61 51 2.5
63 61 51 2.5
64 61 51 2.5
65 61 51 2.5
66 36 146 1
67 36 146 1
68 36 146 1
69 36 146 1
70 36 146 1
71 36 146 1
72 36 146 1
73 36 146 1
74 40 142 1
75 40 142 1
76 40 142 1
77 40 142 1
78 40 142 1
79 40 142 1
80 40 142 1
81 40 142 1
82 40 142 1
83 40 142 1
84 40 142 1
85 40 142 1
86 40 142 1
87 40 142 1
88 40 142 1
89 40 142 1
90 40 142 1
91 40 142 1
92 80 25 1
93 80 25 1
94 80 25 1
95 80 25 1
96 80 25 1
97 80 25 1
98 80 25 1
99 80 25 1
100 80 25 1
101 117 92 1
102 117 92 1
103 117 92 1
104 117 92 1
105 117 92 1
106 117 92 1
107 117 92 1
108 117 92 1
109 117 92 1
110 117 92 1
111 117 92 1
112 117 92 1
113 117 92 1
114 117 92 1
115 117 92 1
116 117 92 1
117 32 80 1
118 32 80 1
119 32 80 1
120 32 80 1
121 32 80 1
122 32 80 1
123 32 80 1
124 32 80 1
125 32 80 1
126 26 38 1
127 26 38 1
128 26 38 1
129 26 38 1
130 26 38 1
131 26 38 1
132 26 38 1
133 26 38 1
134 26 38 1
135 26 38 1
136 26 38 1
137 26 38 1
138 105 56 10
139 105 56 10
140 105 56 10
141 105 56 10
142 105 56 10
143 105 56 10
144 105 56 10
145 105 56 10
146 105 56 10
147 62 2 10
148 62 2 10
149 62 2 10
150 62 2 10
151 62 2 10
152 62 2 10
153 62 2 10
154 62 2 10
155 62 2 10
156 62 2 10
157 104 2 1
158 104 2 1
159 104 2 1
160 104 2 1
161 104 2 1
162 104 2 1
163 104 2 1
164 104 2 1
165 104 2 1
166 104 2 1
167 104 2 1
168 104 2 1
169 104 2 1
170 104 2 1
171 104 2 1
172 104 2 1
173 104 2 1
174 104 2 1
175 104 2 1
176 104 2 1
177 104 2 1
178 96 1 1
179 96 1 1
180 96 1 1
181 96 1 1
182 96 1 1
183 96 1 1
184 96 1 1
185 96 1 1
186 96 1 1
187 109 168 1
188 109 168 1
189 109 168 1
190 109 168 1
191 109 168 1
192 109 168 1
193 109 168 1
194 109 168 1
195 109 168 1
196 109 168 1
197 109 168 1
198 109 168 1
199 109 168 1
200 109 168 1
201 109 168 1
202 109 168 1
203 109 168 1
204 88 93 1
205 88 93 1
206 88 93 1
207 88 93 1
208 88 93 1
209 88 93 1
210 88 93 1
211 88 93 1
212 88 93 1
213 88 93 1
214 88 93 1
215 88 93 1
216 88 93 1
217 88 93 1
218 88 93 1
219 88 93 1
220 88 93 1
221 88 93 1
222 88 93 1
223 60 17 10
224 60 17 10
225 60 17 10
226 60 17 10
227 60 17 10
228 60 17 10
229 60 17 10
230 60 17 10
231 60 17 10
232 60 17 10
233 67 63 1
234 67 63 1
235 67 63 1
236 67 63 1
237 67 63 1
238 67 63 1
239 67 63 1
240 27 22 1
241 27 22 1
242 27 22 1
243 27 22 1
244 27 22 1
245 27 22 1
246 27 22 1
247 27 22 1
248 27 22 1
249 27 22 1
250 27 22 1
251 27 22 1
252 27 22 1
253 150 105 1
254 150 105 1
255 150 105 1
256 150 105 1
257 150 105 1
258 150 105 1
259 150 105 1
260 150 105 1
261 150 105 1
262 150 105 1
263 150 105 1
264 150 105 1
265 150 105 1
266 150 105 1
267 150 105 1
268 150 105 1
269 119 92 10
270 119 92 10
271 119 92 10
272 119 92 10
273 119 92 10
274 119 92 10
275 119 92 10
276 119 92 10
277 27 8 10
278 27 8 10
279 27 8 10
280 39 16 1
281 39 16 1
282 39 16 1
283 39 16 1
284 39 16 1
285 39 16 1
286 39 16 1
287 39 16 1
288 39 16 1
289 39 16 1
290 39 16 1
291 39 16 1
292 39 16 1
293 39 16 1
294 145 63 10
295 145 63 10
296 145 63 10
297 145 63 10
298 40 75 10
299 40 75 10
300 40 75 10
301 40 75 10
302 40 75 10
303 62 138 2.5
304 62 138 2.5
305 62 138 2.5
306 62 138 2.5
307 62 138 2.5
308 62 138 2.5
309 62 138 2.5
310 62 138 2.5
311 78 61 100
312 97 104 10
313 97 104 10
314 97 104 10
315 97 104 10
316 97 104 10
317 167 69 1
318 167 69 1
319 167 69 1
320 167 69 1
321 167 69 1
322 167 69 1
323 167 69 1
324 167 69 1
325 167 69 1
326 167 69 1
327 167 69 1
328 167 69 1
329 167 69 1
330 167 69 1
331 167 69 1
332 167 69 1
333 167 69 1
334 167 69 1
335 167 69 1
336 167 69 1
337 167 69 1
338 10 139 1
339 10 139 1
340 10 139 1
341 10 139 1
342 10 139 1
343 10 139 1
344 10 139 1
345 10 139 1
346 10 139 1
347 10 139 1
348 10 139 1
349 10 139 1
350 10 139 1
351 10 139 1
352 10 139 1
353 10 139 1
354 10 139 1
355 10 139 1
356 10 139 1
357 10 139 1
358 49 38 1
359 49 38 1
360 49 38 1
361 49 38 1
362 49 38 1
363 49 38 1
364 49 38 1
365 49 38 1
366 49 38 1
367 49 38 1
368 49 38 1
369 49 38 1
370 49 38 1
371 49 38 1
372 49 38 1
373 49 38 1
374 49 38 1
375 49 38 1
376 49 38 1
377 49 38 1
378 49 38 1
379 49 38 1
380 172 14 10
381 172 14 10
382 158 111 1
383 158 111 1
384 158 111 1
385 158 111 1
386 158 111 1
387 158 111 1
388 158 111 1
389 158 111 1
390 158 111 1
391 158 111 1
392 158 111 1
393 158 111 1
394 158 111 1
395 158 111 1
396 158 111 1
397 87 41 2.5
398 87 41 2.5
399 87 41 2.5
400 87 41 2.5
401 87 41 2.5
402 87 41 2.5
403 87 41 2.5
404 87 41 2.5
405 42 76 10
406 42 76 10
407 42 76 10
408 42 76 10
409 42 76 10
410 42 76 10
411 82 158 1
412 82 158 1
413 82 158 1
414 82 158 1
415 82 158 1
416 82 158 1
417 82 158 1
418 49 21 2.5
419 49 21 2.5
420 49 21 2.5
421 49 21 2.5
422 49 21 2.5
423 133 125 10
424 133 125 10
425 133 125 10
426 133 125 10
427 133 125 10
428 133 125 10
429 133 125 10
430 133 125 10
431 133 125 10
432 79 94 1
433 79 94 1
434 79 94 1
435 79 94 1
436 79 94 1
437 79 94 1
438 79 94 1
439 79 94 1
440 79 94 1
441 30 161 40
442 30 161 40
443 30 161 40
444 95 22 1
445 95 22 1
446 95 22 1
447 95 22 1
448 95 22 1
449 95 22 1
450 95 22 1
451 95 22 1
452 95 22 1
453 95 22 1
454 95 22 1
455 95 22 1
456 159 49 10
457 159 49 10
458 159 49 10
459 159 49 10
460 159 49 10
461 159 49 10
462 159 49 10
463 159 49 10
464 13 122 1
465 13 122 1
466 13 122 1
467 13 122 1
468 13 122 1
469 13 122 1
470 13 122 1
471 13 122 1
472 13 122 1
473 13 122 1
474 13 122 1
475 13 122 1
476 13 122 1
477 13 122 1
478 13 122 1
479 13 122 1
480 13 122 1
481 13 122 1
482 132 94 10
483 132 94 10
484 132 94 10
485 132 94 10
486 132 94 10
487 132 94 10
488 81 75 10
489 81 75 10
490 81 75 10
491 81 75 10
492 110 22 10
493 110 22 10
494 47 45 10
495 47 45 10
496 47 45 10
497 47 45 10
498 47 45 10
499 47 45 10
500 47 45 10
501 47 45 10
502 86 16 1
503 86 16 1
504 86 16 1
505 86 16 1
506 86 16 1
507 86 16 1
508 86 16 1
509 86 16 1
510 86 16 1
511 86 16 1
512 86 16 1
513 86 16 1
514 86 16 1
515 86 16 1
516 13 159 1
517 13 159 1
518 13 159 1
519 13 159 1
520 13 159 1
521 141 146 10
522 110 83 1
523 110 83 1
524 110 83 1
525 110 83 1
526 110 83 1
527 110 83 1
528 110 83 1
529 162 86 2.5
530 162 86 2.5
531 162 86 2.5
532 162 86 2.5
533 162 86 2.5
534 162 86 2.5
535 162 86 2.5
536 162 86 2.5
537 162 86 2.5
538 162 86 2.5
539 162 86 2.5
540 135 141 1
541 135 141 1
542 135 141 1
543 135 141 1
544 135 141 1
545 135 141 1
546 135 141 1
547 135 141 1
548 135 141 1
549 135 141 1
550 135 141 1
551 135 141 1
552 135 141 1
553 135 141 1
554 135 141 1
555 135 141 1
556 135 141 1
557 135 141 1
558 135 141 1
559 135 141 1
560 135 141 1
561 118 45 1
562 118 45 1
563 118 45 1
564 118 45 1
565 118 45 1
566 118 45 1
567 118 45 1
568 169 1 1
569 169 1 1
570 169 1 1
571 169 1 1
572 169 1 1
573 169 1 1
574 118 135 2.5
575 118 135 2.5
576 118 135 2.5
577 118 135 2.5
578 118 135 2.5
579 118 135 2.5
580 118 135 2.5
581 118 135 2.5
582 118 135 2.5
583 118 135 2.5
584 118 135 2.5
585 118 135 2.5
586 164 112 2.5
587 164 112 2.5
588 164 112 2.5
589 164 112 2.5
590 164 112 2.5
591 164 112 2.5
592 164 112 2.5
593 164 112 2.5
594 164 112 2.5
595 164 112 2.5
596 164 112 2.5
597 79 149 40
598 79 149 40
599 123 153 2.5
600 123 153 2.5
601 94 141 1
602 94 141 1
603 94 141 1
604 94 141 1
605 94 141 1
606 94 141 1
607 94 141 1
608 94 141 1
609 94 141 1
610 94 141 1
611 94 141 1
612 94 141 1
613 94 141 1
614 94 141 1
615 94 141 1
616 162 46 1
617 162 46 1
618 162 46 1
619 162 46 1
620 162 46 1
621 162 46 1
622 104 17 1
623 104 17 1
624 104 17 1
625 104 17 1
626 104 17 1
627 104 17 1
628 141 46 1
629 141 46 1
630 141 46 1
631 141 46 1
632 141 46 1
633 141 46 1
634 141 46 1
635 141 46 1
636 141 46 1
637 141 46 1
638 141 46 1
639 141 46 1
640 141 46 1
641 141 46 1
642 141 46 1
643 141 46 1
644 141 46 1
645 141 46 1
646 141 46 1
647 141 46 1
648 8 30 10
649 8 30 10
650 8 30 10
651 53 70 1
652 53 70 1
653 53 70 1
654 53 70 1
655 53 70 1
656 53 70 1
657 53 70 1
658 53 70 1
659 53 70 1
660 53 70 1
661 53 70 1
662 53 70 1
663 53 70 1
664 53 70 1
665 53 70 1
666 46 44 2.5
667 46 44 2.5
668 46 44 2.5
669 46 44 2.5
670 46 44 2.5
671 76 91 1
672 76 91 1
673 76 91 1
674 76 91 1
675 76 91 1
676 65 136 1
677 65 136 1
678 65 136 1
679 65 136 1
680 65 136 1
681 65 136 1
682 65 136 1
683 65 136 1
684 65 136 1
685 97 14 1
686 97 14 1
687 97 14 1
688 97 14 1
689 97 14 1
690 97 14 1
691 97 14 1
692 97 14 1
693 97 14 1
694 97 14 1
695 97 14 1
696 97 14 1
697 97 14 1
698 97 14 1
699 97 14 1
700 113 17 10
701 113 17 10
702 113 17 10
703 113 17 10
704 113 17 10
705 166 4 10
706 166 4 10
707 166 4 10
708 166 4 10
709 166 4 10
710 166 4 10
711 166 4 10
712 166 4 10
713 166 4 10
714 166 4 10
715 168 40 10
716 168 40 10
717 168 40 10
718 168 40 10
719 168 40 10
720 168 40 10
721 168 40 10
722 168 40 10
723 101 139 10
724 101 139 10
725 101 139 10
726 101 139 10
727 101 139 10
728 101 139 10
729 66 4 10
730 66 4 10
731 66 4 10
732 66 4 10
733 66 4 10
734 66 4 10
735 66 4 10
736 66 4 10
737 66 4 10
738 127 104 1
739 127 104 1
740 127 104 1
741 127 104 1
742 127 104 1
743 127 104 1
744 127 104 1
745 127 104 1
746 127 104 1
747 127 104 1
748 127 104 1
749 127 104 1
750 127 104 1
751 127 104 1
752 127 104 1
753 127 104 1
754 127 104 1
755 148 115 1
756 148 115 1
757 148 115 1
758 148 115 1
759 148 115 1
760 148 115 1
761 148 115 1
762 148 115 1
763 148 115 1
764 148 115 1
765 148 115 1
766 148 115 1
767 148 115 1
768 148 115 1
769 148 115 1
770 148 115 1
771 148 115 1
772 148 115 1
773 148 115 1
774 148 115 1
775 148 115 1
776 85 62 1
777 85 62 1
778 85 62 1
779 85 62 1
780 85 62 1
781 85 62 1
782 85 62 1
783 166 169 10
784 166 169 10
785 166 169 10
786 166 169 10
787 166 169 10
788 166 169 10
789 166 169 10
790 116 60 1
791 116 60 1
792 116 60 1
793 116 60 1
794 116 60 1
795 116 60 1
796 116 60 1
797 116 60 1
798 116 60 1
799 116 60 1
800 116 60 1
801 116 60 1
802 60 86 1
803 60 86 1
804 60 86 1
805 60 86 1
806 60 86 1
807 60 86 1
808 60 86 1
809 60 86 1
810 60 86 1
811 60 86 1
812 60 86 1
813 60 86 1
814 60 86 1
815 60 86 1
816 60 86 1
817 60 86 1
818 60 86 1
819 83 167 10
820 83 167 10
821 71 107 10
822 71 107 10
823 71 107 10
824 71 107 10
825 71 107 10
826 71 107 10
827 59 47 10
828 59 47 10
829 3 164 10
830 3 164 10
831 3 164 10
832 3 164 10
833 3 164 10
834 3 164 10
835 3 164 10
836 3 164 10
837 3 164 10
838 3 164 10
839 36 4 10
840 36 4 10
841 36 4 10
842 36 4 10
843 36 4 10
844 36 4 10
845 36 4 10
846 48 130 1
847 48 130 1
848 48 130 1
849 48 130 1
850 48 130 1
851 174 129 100
852 174 129 100
853 99 30 2.5
854 99 30 2.5
855 99 30 2.5
856 99 30 2.5
857 99 30 2.5
858 99 30 2.5
859 99 30 2.5
860 99 30 2.5
861 99 30 2.5
862 99 30 2.5
863 99 30 2.5
864 114 106 10
865 114 106 10
866 114 106 10
867 114 106 10
868 114 106 10
869 33 133 1
870 33 133 1
871 33 133 1
872 33 133 1
873 33 133 1
874 33 133 1
875 33 133 1
876 33 133 1
877 33 133 1
878 33 133 1
879 33 133 1
880 33 133 1
881 33 133 1
882 33 133 1
883 33 133 1
884 33 133 1
885 33 133 1
886 33 133 1
887 96 7 1
888 96 7 1
889 96 7 1
890 96 7 1
891 96 7 1
892 96 7 1
893 96 7 1
894 96 7 1
895 102 170 1
896 102 170 1
897 102 170 1
898 102 170 1
899 102 170 1
900 102 170 1
901 102 170 1
902 102 170 1
903 102 170 1
904 102 170 1
905 102 170 1
906 102 170 1
907 102 170 1
908 102 170 1
909 102 170 1
910 102 170 1
911 34 6 2.5
912 34 6 2.5
913 34 6 2.5
914 34 6 2.5
915 34 6 2.5
916 34 6 2.5
917 34 6 2.5
918 34 6 2.5
919 34 6 2.5
920 34 6 2.5
921 34 6 2.5
922 174 124 1
923 174 124 1
924 174 124 1
925 174 124 1
926 174 124 1
927 174 124 1
928 174 124 1
929 174 124 1
930 174 124 1
931 174 124 1
932 174 124 1
933 174 124 1
934 174 124 1
935 174 124 1
936 174 124 1
937 174 124 1
938 174 124 1
939 174 124 1
940 174 124 1
941 174 124 1
942 174 124 1
943 126 90 1
944 126 90 1
945 126 90 1
946 126 90 1
947 126 90 1
948 126 90 1
949 126 90 1
950 126 90 1
951 126 90 1
952 126 90 1
953 126 90 1
954 126 90 1
955 126 90 1
956 126 90 1
957 126 90 1
958 126 90 1
959 126 90 1
960 126 90 1
961 126 90 1
962 157 104 1
963 157 104 1
964 157 104 1
965 157 104 1
966 157 104 1
967 157 104 1
968 57 174 1
969 57 174 1
970 57 174 1
971 57 174 1
972 57 174 1
973 57 174 1
974 57 174 1
975 57 174 1
976 57 174 1
977 57 174 1
978 57 174 1
979 57 174 1
980 8 133 1
981 8 133 1
982 8 133 1
983 8 133 1
984 8 133 1
985 8 133 1
986 8 133 1
987 8 133 1
988 8 133 1
989 153 138 2.5
990 153 138 2.5
991 146 128 10
992 90 74 1
993 90 74 1
994 90 74 1
995 90 74 1
996 90 74 1
997 90 74 1
998 118 155 10
999 118 155 10
1000 118 155 10
1001 49 21 2.5
1002 49 21 2.5
1003 49 21 2.5
1004 49 21 2.5
1005 49 21 2.5
1006 49 21 2.5
1007 49 21 2.5
1008 49 21 2.5
1009 49 21 2.5
1010 49 21 2.5
1011 49 21 2.5
1012 122 112 1
1013 122 112 1
1014 122 112 1
1015 122 112 1
1016 122 112 1
1017 122 112 1
1018 122 112 1
1019 122 112 1
1020 122 112 1
1021 122 112 1
1022 122 112 1
1023 122 112 1
1024 163 116 1
1025 163 116 1
1026 163 116 1
1027 163 116 1
1028 163 116 1
1029 163 116 1
1030 163 116 1
1031 163 116 1
1032 163 116 1
1033 163 116 1
1034 163 116 1
1035 163 116 1
1036 103 159 10
1037 103 159 10
1038 103 159 10
1039 103 159 10
1040 103 159 10
1041 103 159 10
1042 103 159 10
1043 103 159 10
1044 103 159 10
1045 103 159 10
1046 114 68 1
1047 114 68 1
1048 114 68 1
1049 114 68 1
1050 114 68 1
1051 114 68 1
1052 114 68 1
1053 114 68 1
1054 114 68 1
1055 114 68 1
1056 114 68 1
1057 114 68 1
1058 114 68 1
1059 114 68 1
1060 114 68 1
1061 114 68 1
1062 114 68 1
1063 114 68 1
1064 114 68 1
1065 154 109 2.5
1066 154 109 2.5
1067 154 109 2.5
1068 154 109 2.5
1069 154 109 2.5
1070 109 137 2.5
1071 109 137 2.5
1072 109 137 2.5
1073 109 137 2.5
1074 109 137 2.5
1075 109 137 2.5
1076 109 137 2.5
1077 109 137 2.5
1078 9 1 10
1079 9 1 10
1080 9 1 10
1081 9 1 10
1082 9 1 10
1083 9 1 10
1084 21 85 10
1085 21 85 10
1086 21 85 10
1087 148 147 1
1088 148 147 1
1089 148 147 1
1090 148 147 1
1091 148 147 1
1092 148 147 1
1093 148 147 1
1094 148 147 1
1095 148 147 1
1096 148 147 1
1097 120 174 1
1098 120 174 1
1099 120 174 1
1100 120 174 1
1101 120 174 1
1102 120 174 1
1103 120 174 1
1104 120 174 1
1105 120 174 1
1106 120 174 1
1107 72 169 10
1108 72 169 10
1109 72 169 10
1110 72 169 10
1111 72 169 10
1112 72 169 10
1113 72 169 10
1114 72 169 10
1115 77 138 1
1116 77 138 1
1117 77 138 1
1118 77 138 1
1119 77 138 1
1120 77 138 1
1121 77 138 1
1122 77 138 1
1123 77 138 1
1124 77 138 1
1125 77 138 1
1126 77 138 1
1127 77 138 1
1128 77 138 1
1129 77 138 1
1130 77 138 1
1131 77 138 1
1132 77 138 1
1133 15 34 2.5
1134 15 34 2.5
1135 15 34 2.5
1136 15 34 2.5
1137 15 34 2.5
1138 15 34 2.5
1139 15 34 2.5
1140 73 141 100
1141 73 141 100
1142 73 141 100
1143 27 31 10
1144 27 31 10
1145 27 31 10
1146 27 31 10
1147 27 31 10
1148 27 31 10
1149 98 91 10
1150 98 91 10
1151 98 91 10
1152 98 91 10
1153 98 91 10
1154 98 91 10
1155 98 91 10
1156 42 105 10
1157 42 105 10
1158 42 105 10
1159 42 105 10
1160 42 105 10
1161 42 105 10
1162 64 59 10
1163 64 59 10
1164 64 59 10
1165 64 59 10
1166 171 67 1
1167 171 67 1
1168 171 67 1
1169 171 67 1
1170 171 67 1
1171 171 67 1
1172 171 67 1
1173 171 67 1
1174 171 67 1
1175 171 67 1
1176 171 67 1
1177 171 67 1
1178 171 67 1
1179 171 67 1
1180 53 167 2.5
1181 53 167 2.5
1182 53 167 2.5
1183 53 167 2.5
1184 53 167 2.5
1185 53 167 2.5
1186 53 167 2.5
1187 53 167 2.5
1188 53 167 2.5
1189 53 167 2.5
1190 89 53 2.5
1191 71 73 2.5
1192 71 73 2.5
1193 71 73 2.5
1194 71 73 2.5
1195 174 103 2.5
1196 174 103 2.5
1197 174 103 2.5
1198 174 103 2.5
1199 174 103 2.5
1200 153 129 10
1201 153 129 10
1202 153 129 10
1203 153 129 10
1204 153 129 10
1205 153 129 10
1206 153 129 10
1207 153 129 10
1208 153 129 10
1209 153 129 10
1210 95 42 2.5
1211 95 42 2.5
1212 95 42 2.5
1213 95 42 2.5
1214 95 42 2.5
1215 95 42 2.5
1216 158 45 1
1217 158 45 1
1218 158 45 1
1219 158 45 1
1220 158 45 1
1221 158 45 1
1222 158 45 1
1223 158 45 1
1224 158 45 1
1225 158 45 1
1226 158 45 1
1227 158 45 1
1228 169 146 2.5
1229 169 146 2.5
1230 169 146 2.5
1231 169 146 2.5
1232 169 146 2.5
1233 169 146 2.5
1234 169 146 2.5
1235 169 146 2.5
1236 169 146 2.5
1237 169 146 2.5
1238 169 146 2.5
1239 97 99 1
1240 97 99 1
1241 97 99 1
1242 97 99 1
1243 97 99 1
1244 97 99 1
1245 97 99 1
1246 130 131 1
1247 130 131 1
1248 130 131 1
1249 130 131 1
1250 130 131 1
1251 130 131 1
1252 130 131 1
1253 130 131 1
1254 130 131 1
1255 130 131 1
1256 130 131 1
1257 130 131 1
1258 130 131 1
1259 130 131 1
1260 130 131 1
1261 130 131 1
1262 130 131 1
1263 130 131 1
1264 130 131 1
1265 130 131 1
1266 130 131 1
1267 130 131 1
1268 46 79 10
1269 46 79 10
1270 64 97 1
1271 64 97 1
1272 64 97 1
1273 64 97 1
1274 64 97 1
1275 64 97 1
1276 64 97 1
1277 64 97 1
1278 64 97 1
1279 64 97 1
1280 64 97 1
1281 64 97 1
1282 64 97 1
1283 173 138 2.5
1284 173 138 2.5
1285 173 138 2.5
1286 173 138 2.5
1287 173 138 2.5
1288 173 138 2.5
1289 172 102 10
1290 172 102 10
1291 172 102 10
1292 172 102 10
1293 172 102 10
1294 172 102 10
1295 172 102 10
1296 172 102 10
1297 172 102 10
1298 96 91 2.5
1299 96 91 2.5
1300 147 148 10
1301 147 148 10
1302 147 148 10
1303 147 148 10
1304 107 4 1
1305 107 4 1
1306 107 4 1
1307 107 4 1
1308 107 4 1
1309 107 4 1
1310 107 4 1
1311 107 4 1
1312 107 4 1
1313 107 4 1
1314 107 4 1
1315 107 4 1
1316 107 4 1
1317 107 4 1
1318 107 4 1
1319 107 4 1
1320 107 4 1
1321 72 19 1
1322 72 19 1
1323 72 19 1
1324 72 19 1
1325 72 19 1
1326 72 19 1
1327 72 19 1
1328 72 19 1
1329 72 19 1
1330 72 19 1
1331 72 19 1
1332 72 19 1
1333 72 19 1
1334 72 19 1
1335 72 19 1
1336 72 19 1
1337 97 174 1
1338 97 174 1
1339 97 174 1
1340 97 174 1
1341 97 174 1
1342 97 174 1
1343 97 174 1
1344 97 174 1
1345 97 174 1
1346 97 174 1
1347 55 67 2.5
1348 55 67 2.5
1349 55 67 2.5
1350 55 67 2.5
1351 55 67 2.5
1352 55 67 2.5
1353 55 67 2.5
1354 55 67 2.5
1355 55 67 2.5
1356 55 67 2.5
1357 55 67 2.5
1358 25 1 1
1359 25 1 1
1360 25 1 1
1361 25 1 1
1362 25 1 1
1363 25 1 1
1364 25 1 1
1365 25 1 1
1366 25 1 1
1367 25 1 1
1368 25 1 1
1369 25 1 1
1370 25 1 1
1371 25 1 1
1372 25 1 1
1373 12 38 2.5
1374 12 38 2.5
1375 12 38 2.5
1376 12 38 2.5
1377 12 38 2.5
1378 12 38 2.5
1379 121 117 10
1380 121 117 10
1381 121 117 10
1382 121 117 10
1383 121 117 10
1384 121 117 10
1385 121 117 10
1386 121 117 10
1387 125 1 1
1388 125 1 1
1389 125 1 1
1390 125 1 1
1391 125 1 1
1392 125 1 1
1393 125 1 1
1394 125 1 1
1395 125 1 1
1396 125 1 1
1397 125 1 1
1398 125 1 1
1399 125 1 1
1400 125 1 1
1401 125 1 1
1402 125 1 1
1403 125 1 1
1404 125 1 1
1405 152 167 10
1406 152 167 10
1407 152 167 10
1408 152 167 10
1409 152 167 10
1410 152 167 10
1411 152 167 10
1412 152 167 10
1413 152 167 10
1414 152 167 10
1415 131 34 1
1416 131 34 1
1417 131 34 1
1418 131 34 1
1419 131 34 1
1420 131 34 1
1421 131 34 1
1422 131 34 1
1423 131 34 1
1424 131 34 1
1425 131 34 1
1426 131 34 1
1427 131 34 1
1428 131 34 1
1429 131 34 1
1430 131 34 1
1431 104 85 1
1432 104 85 1
1433 104 85 1
1434 104 85 1
1435 104 85 1
1436 104 85 1
1437 104 85 1
1438 104 85 1
1439 104 85 1
1440 104 85 1
1441 104 85 1
1442 104 85 1
1443 104 85 1
1444 104 85 1
1445 104 85 1
1446 104 85 1
1447 104 85 1
1448 107 31 1
1449 107 31 1
1450 107 31 1
1451 107 31 1
1452 107 31 1
1453 107 31 1
1454 107 31 1
1455 107 31 1
1456 107 31 1
1457 107 31 1
1458 107 31 1
1459 107 31 1
1460 107 31 1
1461 107 31 1
1462 107 31 1
1463 107 31 1
1464 107 31 1
1465 60 22 10
1466 60 22 10
1467 60 22 10
1468 60 22 10
1469 166 107 1
1470 166 107 1
1471 166 107 1
1472 166 107 1
1473 166 107 1
1474 166 107 1
1475 166 107 1
1476 166 107 1
1477 166 107 1
1478 166 107 1
1479 166 107 1
1480 166 107 1
1481 166 107 1
1482 166 107 1
1483 99 74 10
1484 99 74 10
1485 99 74 10
1486 164 77 1
1487 164 77 1
1488 164 77 1
1489 164 77 1
1490 164 77 1
1491 164 77 1
1492 164 77 1
1493 164 77 1
1494 164 77 1
1495 164 77 1
1496 164 77 1
1497 164 77 1
1498 164 77 1
1499 164 77 1
1500 151 140 1
1501 151 140 1
1502 151 140 1
1503 151 140 1
1504 151 140 1
1505 151 140 1
1506 151 140 1
1507 151 140 1
1508 151 140 1
1509 151 140 1
1510 151 140 1
1511 120 3 100
1512 120 3 100
1513 12 66 10
1514 12 66 10
1515 12 66 10
1516 12 66 10
1517 12 66 10
1518 106 21 10
1519 106 21 10
1520 106 21 10
1521 106 21 10
1522 106 21 10
1523 106 21 10
1524 106 21 10
1525 86 155 10
1526 86 155 10
1527 86 155 10
1528 86 155 10
1529 26 164 10
1530 26 164 10
1531 26 164 10
1532 26 164 10
1533 26 164 10
1534 26 164 10
1535 26 164 10
1536 26 164 10
1537 26 164 10
1538 26 164 10
1539 1 45 100
1540 1 45 100
1541 4 96 1
1542 4 96 1
1543 4 96 1
1544 4 96 1
1545 4 96 1
1546 4 96 1
1547 4 96 1
1548 4 96 1
1549 4 96 1
1550 4 96 1
1551 4 96 1
1552 4 96 1
1553 4 96 1
1554 4 96 1
1555 4 96 1
1556 4 96 1
1557 4 96 1
1558 4 96 1
1559 4 96 1
1560 66 148 1
1561 66 148 1
1562 66 148 1
1563 66 148 1
1564 66 148 1
1565 66 148 1
1566 66 148 1
1567 66 148 1
1568 66 148 1
1569 66 148 1
1570 66 148 1
1571 66 148 1
1572 66 148 1
1573 66 148 1
1574 66 148 1
1575 66 148 1
1576 66 148 1
1577 66 148 1
1578 114 84 2.5
1579 114 84 2.5
1580 110 108 1
1581 110 108 1
1582 110 108 1
1583 110 108 1
1584 110 108 1
1585 110 108 1
1586 110 108 1
1587 110 108 1
1588 110 108 1
1589 110 108 1
1590 110 108 1
1591 110 108 1
1592 110 108 1
1593 110 108 1
1594 110 108 1
1595 110 108 1
1596 110 108 1
1597 110 108 1
1598 110 108 1
1599 105 39 1
1600 105 39 1
1601 105 39 1
1602 105 39 1
1603 105 39 1
1604 105 39 1
1605 105 39 1
1606 105 39 1
1607 105 39 1
1608 105 39 1
1609 105 39 1
1610 105 39 1
1611 105 39 1
1612 105 39 1
1613 145 47 2.5
1614 145 47 2.5
1615 145 47 2.5
1616 145 47 2.5
1617 145 47 2.5
1618 145 47 2.5
1619 145 47 2.5
1620 145 47 2.5
1621 145 47 2.5
1622 145 47 2.5
1623 145 47 2.5
1624 145 47 2.5
1625 163 61 1
1626 163 61 1
1627 163 61 1
1628 163 61 1
1629 163 61 1
1630 163 61 1
1631 163 61 1
1632 163 61 1
1633 163 61 1
1634 163 61 1
1635 163 61 1
1636 163 61 1
1637 163 61 1
1638 163 61 1
1639 163 61 1
1640 110 34 1
1641 110 34 1
1642 110 34 1
1643 110 34 1
1644 110 34 1
1645 110 34 1
1646 110 34 1
1647 110 34 1
1648 110 34 1
1649 110 34 1
1650 110 34 1
1651 110 34 1
1652 110 34 1
1653 110 34 1
1654 110 34 1
1655 33 14 1
1656 33 14 1
1657 33 14 1
1658 33 14 1
1659 33 14 1
1660 33 14 1
1661 33 14 1
1662 33 14 1
1663 33 14 1
1664 33 14 1
1665 33 14 1
1666 33 14 1
1667 33 14 1
1668 33 14 1
1669 33 14 1
1670 33 14 1
1671 33 14 1
1672 33 14 1
1673 33 14 1
1674 33 14 1
1675 33 14 1
1676 40 82 1
1677 40 82 1
1678 40 82 1
1679 40 82 1
1680 40 82 1
1681 40 82 1
1682 40 82 1
1683 89 119 1
1684 89 119 1
1685 89 119 1
1686 89 119 1
1687 89 119 1
1688 89 119 1
1689 89 119 1
1690 89 119 1
1691 89 119 1
1692 25 115 10
1693 25 115 10
1694 25 115 10
1695 25 115 10
1696 25 115 10
1697 114 36 1
1698 114 36 1
1699 114 36 1
1700 114 36 1
1701 114 36 1
1702 114 36 1
1703 114 36 1
1704 114 36 1
1705 114 36 1
1706 114 36 1
1707 114 36 1
1708 114 36 1
1709 27 117 10
1710 27 117 10
1711 27 117 10
1712 27 117 10
1713 27 117 10
1714 27 117 10
1715 27 117 10
1716 27 117 10
1717 27 117 10
1718 27 117 10
1719 27 117 10
1720 115 86 10
1721 115 86 10
1722 115 86 10
1723 115 86 10
1724 115 86 10
1725 115 86 10
1726 115 86 10
1727 115 86 10
1728 125 82 1
1729 125 82 1
1730 125 82 1
1731 125 82 1
1732 125 82 1
1733 125 82 1
1734 125 82 1
1735 131 53 2.5
1736 131 53 2.5
1737 131 53 2.5
1738 131 53 2.5
1739 131 53 2.5
1740 131 53 2.5
1741 131 53 2.5
1742 85 152 10
1743 85 152 10
1744 85 152 10
1745 85 152 10
1746 85 152 10
1747 85 152 10
1748 85 152 10
1749 85 152 10
1750 85 152 10
1751 85 152 10
1752 75 117 1
1753 75 117 1
1754 75 117 1
1755 75 117 1
1756 75 117 1
1757 75 117 1
1758 75 117 1
1759 75 117 1
1760 75 117 1
1761 75 117 1
1762 75 117 1
1763 118 94 2.5
1764 118 94 2.5
1765 118 94 2.5
1766 118 94 2.5
1767 118 94 2.5
1768 118 94 2.5
1769 118 94 2.5
1770 118 94 2.5
1771 54 100 10
1772 54 100 10
1773 54 100 10
1774 54 100 10
1775 54 100 10
1776 54 100 10
1777 54 100 10
1778 54 100 10
1779 18 123 10
1780 18 123 10
1781 18 123 10
1782 79 47 1
1783 79 47 1
1784 79 47 1
1785 79 47 1
1786 79 47 1
1787 79 47 1
1788 79 47 1
1789 79 47 1
1790 79 47 1
1791 79 47 1
1792 79 47 1
1793 79 47 1
1794 79 47 1
1795 79 47 1
1796 79 47 1
1797 79 47 1
1798 79 47 1
1799 79 47 1
1800 79 47 1
1801 79 47 1
1802 79 47 1
1803 16 35 10
1804 16 35 10
1805 16 35 10
1806 16 35 10
1807 16 35 10
1808 53 27 2.5
1809 53 27 2.5
1810 53 27 2.5
1811 53 27 2.5
1812 142 61 1
1813 142 61 1
1814 142 61 1
1815 142 61 1
1816 142 61 1
1817 142 61 1
1818 142 61 1
1819 142 61 1
1820 142 61 1
1821 142 61 1
1822 39 94 2.5
1823 39 94 2.5
1824 39 94 2.5
1825 39 94 2.5
1826 39 94 2.5
1827 39 94 2.5
1828 39 94 2.5
1829 39 94 2.5
1830 69 110 2.5
1831 34 152 100
1832 34 152 100
1833 34 152 100
1834 34 152 100
1835 104 115 1
1836 104 115 1
1837 104 115 1
1838 104 115 1
1839 104 115 1
1840 104 115 1
1841 104 115 1
1842 104 115 1
1843 104 115 1
1844 104 115 1
1845 104 115 1
1846 104 115 1
1847 104 115 1
1848 104 115 1
1849 104 115 1
1850 21 57 2.5
1851 21 57 2.5
1852 21 57 2.5
1853 21 57 2.5
1854 21 57 2.5
1855 21 57 2.5
1856 21 57 2.5
1857 21 57 2.5
1858 21 57 2.5
1859 44 10 1
1860 44 10 1
1861 44 10 1
1862 44 10 1
1863 44 10 1
1864 44 10 1
1865 44 10 1
1866 44 10 1
1867 44 10 1
1868 44 10 1
1869 44 10 1
1870 44 10 1
1871 44 10 1
1872 44 10 1
1873 44 10 1
1874 44 10 1
1875 44 10 1
1876 44 10 1
1877 44 10 1
1878 41 140 1
1879 41 140 1
1880 41 140 1
1881 41 140 1
1882 41 140 1
1883 41 140 1
1884 41 140 1
1885 41 140 1
1886 41 140 1
1887 41 140 1
1888 149 92 2.5
1889 149 92 2.5
1890 149 92 2.5
1891 149 92 2.5
1892 149 92 2.5
1893 149 92 2.5
1894 149 92 2.5
1895 149 92 2.5
1896 149 92 2.5
1897 149 92 2.5
1898 149 92 2.5
1899 161 116 1
1900 161 116 1
1901 161 116 1
1902 161 116 1
1903 161 116 1
1904 161 116 1
1905 161 116 1
1906 161 116 1
1907 161 116 1
1908 161 116 1
1909 161 116 1
1910 161 116 1
1911 161 116 1
1912 58 7 10
1913 58 7 10
1914 58 7 10
1915 58 7 10
1916 58 7 10
1917 58 7 10
1918 58 7 10
1919 58 7 10
1920 117 61 1
1921 117 61 1
1922 117 61 1
1923 117 61 1
1924 117 61 1
1925 117 61 1
1926 117 61 1
1927 117 61 1
1928 117 61 1
1929 117 61 1
1930 117 61 1
1931 117 61 1
1932 117 61 1
1933 134 117 1
1934 134 117 1
1935 134 117 1
1936 134 117 1
1937 134 117 1
1938 134 117 1
1939 134 117 1
1940 134 117 1
1941 134 117 1
1942 134 117 1
1943 134 117 1
1944 134 117 1
1945 134 117 1
1946 19 146 1
1947 19 146 1
1948 19 146 1
1949 19 146 1
1950 19 146 1
1951 19 146 1
1952 19 146 1
1953 19 146 1
1954 19 146 1
1955 19 146 1
1956 19 146 1
1957 19 146 1
1958 19 146 1
1959 19 146 1
1960 19 146 1
1961 19 146 1
1962 19 146 1
1963 19 146 1
1964 19 146 1
1965 19 146 1
1966 134 11 1
1967 134 11 1
1968 134 11 1
1969 134 11 1
1970 134 11 1
1971 134 11 1
1972 134 11 1
1973 134 11 1
1974 134 11 1
1975 134 11 1
1976 134 11 1
1977 134 11 1
1978 134 11 1
1979 134 11 1
1980 134 11 1
1981 134 11 1
1982 134 11 1
1983 114 155 1
1984 114 155 1
1985 114 155 1
1986 114 155 1
1987 114 155 1
1988 13 40 10
1989 13 40 10
1990 42 128 1
1991 42 128 1
1992 42 128 1
1993 42 128 1
1994 42 128 1
1995 42 128 1
1996 42 128 1
1997 42 128 1
1998 42 128 1
1999 42 128 1
2000 42 128 1
2001 85 97 10
2002 85 97 10
2003 85 97 10
2004 85 97 10
2005 85 97 10
2006 85 97 10
2007 85 97 10
2008 85 97 10
2009 88 65 10
2010 88 65 10
2011 88 65 10
2012 88 65 10
2013 88 65 10
2014 88 65 10
2015 88 65 10
2016 135 6 10
2017 135 6 10
2018 135 6 10
2019 135 6 10
2020 135 6 10
2021 121 157 2.5
2022 121 157 2.5
2023 121 157 2.5
2024 121 157 2.5
2025 121 157 2.5
2026 121 157 2.5
2027 129 150 2.5
2028 129 150 2.5
2029 129 150 2.5
2030 129 150 2.5
2031 129 150 2.5
2032 129 150 2.5
2033 129 150 2.5
2034 129 150 2.5
2035 129 150 2.5
2036 161 117 1
2037 161 117 1
2038 161 117 1
2039 161 117 1
2040 161 117 1
2041 161 117 1
2042 161 117 1
2043 161 117 1
2044 161 117 1
2045 161 117 1
2046 161 117 1
2047 161 117 1
2048 84 160 2.5
2049 84 160 2.5
2050 139 15 2.5
2051 139 15 2.5
2052 139 15 2.5
2053 139 15 2.5
2054 139 15 2.5
2055 139 15 2.5
2056 139 15 2.5
2057 139 15 2.5
2058 139 15 2.5
2059 139 15 2.5
2060 139 15 2.5
2061 139 15 2.5
2062 135 160 1
2063 135 160 1
2064 135 160 1
2065 135 160 1
2066 135 160 1
2067 135 160 1
2068 135 160 1
2069 135 160 1
2070 135 160 1
2071 135 160 1
2072 24 161 1
2073 24 161 1
2074 24 161 1
2075 24 161 1
2076 24 161 1
2077 24 161 1
2078 24 161 1
2079 24 161 1
2080 24 161 1
2081 24 161 1
2082 24 161 1
2083 24 161 1
2084 24 161 1
2085 24 161 1
2086 24 161 1
2087 24 161 1
2088 24 161 1
2089 130 97 2.5
2090 130 97 2.5
2091 130 97 2.5
2092 130 97 2.5
2093 130 97 2.5
2094 130 97 2.5
2095 130 97 2.5
2096 130 97 2.5
2097 130 97 2.5
2098 130 97 2.5
2099 130 97 2.5
2100 29 173 10
2101 29 173 10
2102 29 173 10
2103 29 173 10
2104 29 173 10
2105 142 166 10
2106 101 91 2.5
2107 101 91 2.5
2108 36 154 1
2109 36 154 1
2110 36 154 1
2111 36 154 1
2112 36 154 1
2113 36 154 1
2114 36 154 1
2115 36 154 1
2116 36 154 1
2117 36 154 1
2118 36 154 1
2119 36 154 1
2120 36 154 1
2121 36 154 1
2122 36 154 1
2123 36 154 1
2124 57 124 1
2125 57 124 1
2126 57 124 1
2127 57 124 1
2128 57 124 1
2129 57 124 1
2130 57 124 1
2131 57 124 1
2132 57 124 1
2133 57 124 1
2134 57 124 1
2135 57 124 1
2136 57 124 1
2137 57 124 1
2138 57 124 1
2139 57 124 1
2140 57 124 1
2141 57 124 1
2142 57 124 1
2143 57 124 1
2144 32 71 2.5
2145 32 71 2.5
2146 62 159 100
2147 28 143 1
2148 28 143 1
2149 28 143 1
2150 28 143 1
2151 28 143 1
2152 28 143 1
2153 28 143 1
2154 28 143 1
2155 28 143 1
2156 28 143 1
2157 28 143 1
2158 28 143 1
2159 28 143 1
2160 28 143 1
2161 28 143 1
2162 28 143 1
2163 28 143 1
2164 28 143 1
2165 28 143 1
2166 28 143 1
2167 28 143 1
2168 28 143 1
2169 106 65 10
2170 106 65 10
2171 106 65 10
2172 106 65 10
2173 106 65 10
2174 106 65 10
2175 148 131 2.5
2176 148 131 2.5
2177 148 131 2.5
2178 148 131 2.5
2179 148 131 2.5
2180 9 169 100
2181 9 169 100
2182 9 169 100
2183 102 121 10
2184 102 121 10
2185 135 76 100
2186 135 76 100
2187 135 76 100
2188 135 76 100
2189 24 141 2.5
2190 24 141 2.5
2191 24 141 2.5
2192 24 141 2.5
2193 24 141 2.5
2194 24 141 2.5
2195 24 141 2.5
2196 122 74 1
2197 122 74 1
2198 122 74 1
2199 122 74 1
2200 122 74 1
2201 122 74 1
2202 122 74 1
2203 122 74 1
2204 122 74 1
2205 122 74 1
2206 122 74 1
2207 174 132 1
2208 174 132 1
2209 174 132 1
2210 174 132 1
2211 174 132 1
2212 174 132 1
2213 174 132 1
2214 174 132 1
2215 174 132 1
2216 174 132 1
2217 174 132 1
2218 43 113 2.5
2219 43 113 2.5
2220 43 113 2.5
2221 43 113 2.5
2222 163 21 1
2223 163 21 1
2224 163 21 1
2225 163 21 1
2226 163 21 1
2227 163 21 1
2228 163 21 1
2229 163 21 1
2230 163 21 1
2231 163 21 1
2232 163 21 1
2233 163 21 1
2234 163 21 1
2235 163 21 1
2236 163 21 1
2237 163 21 1
2238 163 21 1
2239 163 21 1
2240 163 21 1
2241 62 3 1
2242 62 3 1
2243 62 3 1
2244 62 3 1
2245 62 3 1
2246 62 3 1
2247 62 3 1
2248 62 3 1
2249 62 3 1
2250 62 3 1
2251 62 3 1
2252 62 3 1
2253 62 3 1
2254 62 3 1
2255 62 3 1
2256 62 3 1
2257 62 3 1
2258 62 3 1
2259 62 3 1
2260 62 3 1
2261 66 37 2.5
2262 66 37 2.5
2263 66 37 2.5
2264 66 37 2.5
2265 66 37 2.5
2266 66 37 2.5
2267 66 37 2.5
2268 66 37 2.5
2269 66 37 2.5
2270 66 37 2.5
2271 66 37 2.5
2272 66 37 2.5
2273 137 35 10
2274 137 35 10
2275 137 35 10
2276 137 35 10
2277 137 35 10
2278 137 35 10
2279 137 35 10
2280 137 35 10
2281 137 35 10
2282 137 35 10
2283 21 22 10
2284 21 22 10
2285 21 22 10
2286 71 118 10
2287 71 118 10
2288 162 134 100
2289 162 134 100
2290 162 134 100
2291 164 55 1
2292 164 55 1
2293 164 55 1
2294 164 55 1
2295 164 55 1
2296 164 55 1
2297 164 55 1
2298 164 55 1
2299 164 55 1
2300 164 55 1
2301 164 55 1
2302 164 55 1
2303 164 55 1
2304 164 55 1
2305 127 89 2.5
2306 127 89 2.5
2307 127 89 2.5
2308 127 89 2.5
2309 127 89 2.5
2310 127 89 2.5
2311 127 89 2.5
2312 17 132 2.5
2313 17 132 2.5
2314 17 132 2.5
2315 17 132 2.5
2316 17 132 2.5
2317 33 1 1
2318 33 1 1
2319 33 1 1
2320 33 1 1
2321 33 1 1
2322 33 1 1
2323 33 1 1
2324 33 1 1
2325 33 1 1
2326 33 1 1
2327 19 34 1
2328 19 34 1
2329 19 34 1
2330 19 34 1
2331 19 34 1
2332 19 34 1
2333 19 34 1
2334 19 34 1
2335 19 34 1
2336 19 34 1
2337 19 34 1
2338 19 34 1
2339 19 34 1
2340 19 34 1
2341 19 34 1
2342 19 34 1
2343 19 34 1
2344 45 24 10
2345 45 24 10
2346 45 24 10
2347 45 24 10
2348 45 24 10
2349 45 24 10
2350 169 139 10
2351 166 169 10
2352 166 169 10
2353 166 169 10
2354 166 169 10
2355 166 169 10
2356 166 169 10
2357 166 169 10
2358 166 169 10
2359 84 154 10
2360 84 154 10
2361 84 154 10
2362 84 154 10
2363 84 154 10
2364 84 154 10
2365 84 154 10
2366 155 125 10
2367 87 27 10
2368 87 27 10
2369 87 27 10
2370 87 27 10
2371 87 27 10
2372 87 27 10
2373 124 144 1
2374 124 144 1
2375 124 144 1
2376 124 144 1
2377 124 144 1
2378 124 144 1
2379 124 144 1
2380 124 144 1
2381 124 144 1
2382 124 144 1
2383 85 82 1
2384 85 82 1
2385 85 82 1
2386 85 82 1
2387 85 82 1
2388 85 82 1
2389 85 82 1
2390 85 82 1
2391 85 82 1
2392 85 82 1
2393 140 147 1
2394 140 147 1
2395 140 147 1
2396 140 147 1
2397 140 147 1
2398 140 147 1
2399 140 147 1
2400 140 147 1
2401 140 147 1
2402 140 147 1
2403 140 147 1
2404 140 147 1
2405 140 147 1
2406 140 147 1
2407 140 147 1
2408 140 147 1
2409 52 19 1
2410 52 19 1
2411 52 19 1
2412 52 19 1
2413 52 19 1
2414 52 19 1
2415 52 19 1
2416 52 19 1
2417 52 19 1
2418 52 19 1
2419 52 19 1
2420 52 19 1
2421 52 19 1
2422 52 19 1
2423 52 19 1
2424 52 19 1
2425 52 19 1
2426 52 19 1
2427 52 19 1
2428 52 19 1
2429 52 19 1
2430 46 77 1
2431 46 77 1
2432 46 77 1
2433 46 77 1
2434 46 77 1
2435 46 77 1
2436 46 77 1
2437 46 77 1
2438 46 77 1
2439 46 77 1
2440 46 77 1
2441 46 77 1
2442 46 77 1
2443 170 134 10
2444 170 134 10
2445 170 134 10
2446 98 83 10
2447 98 83 10
2448 98 83 10
2449 55 10 10
2450 139 36 2.5
2451 139 36 2.5
2452 139 36 2.5
2453 139 36 2.5
2454 30 72 10
2455 30 72 10
2456 30 72 10
2457 114 109 1
2458 114 109 1
2459 114 109 1
2460 114 109 1
2461 114 109 1
2462 114 109 1
2463 114 109 1
2464 114 109 1
2465 114 109 1
2466 114 109 1
2467 114 109 1
2468 114 109 1
2469 114 109 1
2470 114 109 1
2471 114 109 1
2472 114 109 1
2473 114 109 1
2474 114 109 1
2475 114 109 1
2476 146 85 1
2477 146 85 1
2478 146 85 1
2479 146 85 1
2480 146 85 1
2481 146 85 1
2482 146 85 1
2483 146 85 1
2484 146 85 1
2485 146 85 1
2486 146 85 1
2487 146 85 1
2488 18 92 2.5
2489 18 92 2.5
2490 18 92 2.5
2491 18 92 2.5
2492 18 92 2.5
2493 18 92 2.5
2494 18 92 2.5
2495 18 92 2.5
2496 18 92 2.5
2497 18 92 2.5
2498 18 92 2.5
2499 18 92 2.5
2500 171 162 1
2501 171 162 1
2502 171 162 1
2503 171 162 1
2504 171 162 1
2505 171 162 1
2506 171 162 1
2507 171 162 1
2508 171 162 1
2509 171 162 1
2510 171 162 1
2511 171 162 1
2512 171 162 1
2513 171 162 1
2514 171 162 1
2515 171 162 1
2516 78 44 10
2517 110 59 1
2518 110 59 1
2519 110 59 1
2520 110 59 1
2521 110 59 1
2522 110 59 1
2523 110 59 1
2524 110 59 1
2525 110 59 1
2526 110 59 1
2527 110 59 1
2528 118 82 2.5
2529 77 44 1
2530 77 44 1
2531 77 44 1
2532 77 44 1
2533 77 44 1
2534 77 44 1
2535 77 44 1
2536 77 44 1
2537 77 44 1
2538 77 44 1
2539 40 36 1
2540 40 36 1
2541 40 36 1
2542 40 36 1
2543 40 36 1
2544 40 36 1
2545 40 36 1
2546 40 36 1
2547 40 36 1
2548 40 36 1
2549 40 36 1
2550 40 36 1
2551 40 36 1
2552 40 36 1
2553 40 36 1
2554 40 36 1
2555 60 22 1
2556 60 22 1
2557 60 22 1
2558 60 22 1
2559 60 22 1
2560 60 22 1
2561 60 22 1
2562 60 22 1
2563 60 22 1
2564 60 22 1
2565 60 22 1
2566 60 22 1
2567 60 22 1
2568 60 22 1
2569 53 14 1
2570 53 14 1
2571 53 14 1
2572 53 14 1
2573 53 14 1
2574 53 14 1
2575 53 14 1
2576 53 14 1
2577 53 14 1
2578 53 14 1
2579 53 14 1
2580 53 14 1
2581 53 14 1
2582 53 14 1
2583 53 14 1
2584 53 14 1
2585 53 14 1
2586 149 170 1
2587 149 170 1
2588 149 170 1
2589 149 170 1
2590 149 170 1
2591 140 43 10
2592 146 97 1
2593 146 97 1
2594 146 97 1
2595 146 97 1
2596 146 97 1
2597 146 97 1
2598 146 97 1
2599 146 97 1
2600 146 97 1
2601 146 97 1
2602 146 97 1
2603 146 97 1
2604 146 97 1
2605 146 97 1
2606 146 97 1
2607 135 114 10
2608 135 114 10
2609 135 114 10
2610 135 114 10
2611 135 114 10
2612 135 114 10
2613 135 114 10
2614 135 114 10
2615 135 114 10
2616 135 114 10
2617 137 152 1
2618 137 152 1
2619 137 152 1
2620 137 152 1
2621 137 152 1
2622 137 152 1
2623 137 152 1
2624 137 152 1
2625 137 152 1
2626 137 152 1
2627 137 152 1
2628 137 152 1
2629 137 152 1
2630 137 152 1
2631 137 152 1
2632 137 152 1
2633 137 152 1
2634 137 152 1
2635 137 152 1
2636 137 152 1
2637 137 152 1
2638 136 134 10
2639 136 134 10
2640 136 134 10
2641 136 134 10
2642 136 134 10
2643 136 134 10
2644 136 134 10
2645 136 134 10
2646 136 134 10
2647 136 134 10
2648 109 12 1
2649 109 12 1
2650 109 12 1
2651 109 12 1
2652 109 12 1
2653 109 12 1
2654 109 12 1
2655 109 12 1
2656 109 12 1
2657 109 12 1
2658 109 12 1
2659 109 12 1
2660 109 12 1
2661 109 12 1
2662 109 12 1
2663 109 12 1
2664 163 1 10
2665 15 85 1
2666 15 85 1
2667 15 85 1
2668 15 85 1
2669 15 85 1
2670 15 85 1
2671 15 85 1
2672 15 85 1
2673 15 85 1
2674 15 85 1
2675 15 85 1
2676 15 85 1
2677 15 85 1
2678 15 85 1
2679 15 85 1
2680 15 85 1
2681 15 85 1
2682 54 168 100
2683 54 168 100
2684 54 168 100
2685 45 123 2.5
2686 45 123 2.5
2687 45 123 2.5
2688 45 123 2.5
2689 45 123 2.5
2690 45 123 2.5
2691 45 123 2.5
2692 45 123 2.5
2693 45 123 2.5
2694 45 123 2.5
2695 45 123 2.5
2696 45 123 2.5
2697 154 160 1
2698 154 160 1
2699 154 160 1
2700 154 160 1
2701 154 160 1
2702 154 160 1
2703 29 45 1
2704 29 45 1
2705 29 45 1
2706 29 45 1
2707 29 45 1
2708 29 45 1
2709 29 45 1
2710 29 45 1
2711 29 45 1
2712 29 45 1
2713 29 45 1
2714 29 45 1
2715 29 45 1
2716 29 45 1
2717 29 45 1
2718 29 45 1
2719 29 45 1
2720 43 170 1
2721 43 170 1
2722 43 170 1
2723 43 170 1
2724 43 170 1
2725 43 170 1
2726 43 170 1
2727 43 170 1
2728 43 170 1
2729 43 170 1
2730 43 170 1
2731 43 170 1
2732 43 170 1
2733 43 170 1
2734 43 170 1
2735 43 170 1
2736 2 32 1
2737 2 32 1
2738 2 32 1
2739 2 32 1
2740 2 32 1
2741 2 32 1
2742 2 32 1
2743 2 32 1
2744 2 32 1
2745 2 32 1
2746 2 32 1
2747 111 12 1
2748 111 12 1
2749 111 12 1
2750 111 12 1
2751 111 12 1
2752 111 12 1
2753 111 12 1
2754 111 12 1
2755 111 12 1
2756 111 12 1
2757 111 12 1
2758 111 12 1
2759 111 12 1
2760 111 12 1
2761 111 12 1
2762 111 12 1
2763 111 12 1
2764 111 12 1
2765 155 127 1
2766 155 127 1
2767 155 127 1
2768 155 127 1
2769 155 127 1
2770 155 127 1
2771 155 127 1
2772 155 127 1
2773 155 127 1
2774 155 127 1
2775 155 127 1
2776 155 127 1
2777 114 85 2.5
2778 114 85 2.5
2779 114 85 2.5
2780 82 79 10
2781 82 79 10
2782 82 79 10
2783 167 32 10
2784 167 32 10
2785 167 32 10
2786 167 32 10
2787 167 32 10
2788 167 32 10
2789 167 32 10
2790 167 32 10
2791 167 32 10
2792 51 169 10
2793 51 169 10
2794 51 169 10
2795 51 169 10
2796 66 12 10
2797 66 12 10
2798 66 12 10
2799 66 12 10
2800 66 12 10
2801 66 12 10
2802 21 99 10
2803 21 99 10
2804 21 99 10
2805 21 99 10
2806 21 99 10
2807 21 99 10
2808 21 99 10
2809 21 99 10
2810 171 76 1
2811 171 76 1
2812 171 76 1
2813 171 76 1
2814 171 76 1
2815 171 76 1
2816 171 76 1
2817 171 76 1
2818 171 76 1
2819 171 76 1
2820 171 76 1
2821 171 76 1
2822 171 76 1
2823 171 76 1
2824 171 76 1
2825 171 76 1
2826 171 76 1
2827 171 76 1
2828 171 76 1
2829 171 76 1
2830 171 76 1
2831 171 76 1
2832 145 13 100
2833 96 145 1
2834 96 145 1
2835 96 145 1
2836 96 145 1
2837 96 145 1
2838 164 68 2.5
2839 164 68 2.5
2840 164 68 2.5
2841 164 68 2.5
2842 164 68 2.5
2843 164 68 2.5
2844 164 68 2.5
2845 164 68 2.5
2846 164 68 2.5
2847 164 68 2.5
2848 147 113 2.5
2849 21 31 2.5
2850 21 31 2.5
2851 21 31 2.5
2852 21 31 2.5
2853 21 31 2.5
2854 21 31 2.5
2855 21 31 2.5
2856 21 31 2.5
2857 21 31 2.5
2858 19 80 2.5
2859 114 154 1
2860 114 154 1
2861 114 154 1
2862 114 154 1
2863 114 154 1
2864 114 154 1
2865 114 154 1
2866 114 154 1
2867 114 154 1
2868 114 154 1
2869 40 54 10
2870 40 54 10
2871 40 54 10
2872 40 54 10
2873 40 54 10
2874 173 23 10
2875 173 23 10
2876 173 23 10
2877 173 23 10
2878 173 23 10
2879 43 92 2.5
2880 43 92 2.5
2881 43 92 2.5
2882 43 92 2.5
2883 43 92 2.5
2884 43 92 2.5
2885 43 92 2.5
2886 43 92 2.5
2887 43 92 2.5
2888 43 92 2.5
2889 43 92 2.5
2890 158 64 1
2891 158 64 1
2892 158 64 1
2893 158 64 1
2894 158 64 1
2895 158 64 1
2896 158 64 1
2897 158 64 1
2898 158 64 1
2899 158 64 1
2900 158 64 1
2901 158 64 1
2902 158 64 1
2903 158 64 1
2904 158 64 1
2905 158 64 1
2906 158 64 1
2907 158 64 1
2908 72 103 1
2909 72 103 1
2910 72 103 1
2911 72 103 1
2912 72 103 1
2913 72 103 1
2914 72 103 1
2915 72 103 1
2916 77 126 10
2917 77 126 10
2918 77 126 10
2919 77 126 10
2920 77 126 10
2921 77 126 10
2922 77 126 10
2923 77 126 10
2924 77 126 10
2925 77 126 10
2926 77 126 10
2927 20 55 2.5
2928 20 55 2.5
2929 20 55 2.5
2930 20 55 2.5
2931 20 55 2.5
2932 20 55 2.5
2933 20 55 2.5
2934 20 55 2.5
2935 8 152 2.5
2936 8 152 2.5
2937 31 8 10
2938 31 8 10
2939 31 8 10
2940 31 8 10
2941 31 8 10
2942 31 8 10
2943 31 8 10
2944 31 8 10
2945 31 8 10
2946 31 8 10
2947 95 4 1
2948 95 4 1
2949 95 4 1
2950 95 4 1
2951 95 4 1
2952 95 4 1
2953 95 4 1
2954 95 4 1
2955 95 4 1
2956 95 4 1
2957 95 4 1
2958 95 4 1
2959 95 4 1
2960 95 4 1
2961 95 4 1
2962 134 171 10
2963 134 171 10
2964 134 171 10
2965 134 171 10
2966 55 101 1
2967 55 101 1
2968 55 101 1
2969 55 101 1
2970 55 101 1
2971 55 101 1
2972 55 101 1
2973 55 101 1
2974 55 101 1
2975 55 101 1
2976 55 101 1
2977 55 101 1
2978 55 101 1
2979 55 101 1
2980 12 64 1
2981 12 64 1
2982 12 64 1
2983 12 64 1
2984 12 64 1
2985 12 64 1
2986 12 64 1
2987 12 64 1
2988 12 64 1
2989 47 112 2.5
2990 47 112 2.5
2991 47 112 2.5
2992 47 112 2.5
2993 47 112 2.5
2994 47 112 2.5
2995 19 11 1
2996 19 11 1
2997 19 11 1
2998 19 11 1
2999 19 11 1
3000 19 11 1
3001 19 11 1
3002 19 11 1
3003 19 11 1
3004 19 11 1
3005 19 11 1
3006 149 113 1
3007 149 113 1
3008 149 113 1
3009 149 113 1
3010 149 113 1
3011 149 113 1
3012 149 113 1
3013 149 113 1
3014 32 124 1
3015 32 124 1
3016 32 124 1
3017 32 124 1
3018 32 124 1
3019 32 124 1
3020 32 124 1
3021 32 124 1
3022 32 124 1
3023 32 124 1
3024 32 124 1
3025 32 124 1
3026 32 124 1
3027 32 124 1
3028 32 124 1
3029 32 124 1
3030 32 124 1
3031 32 124 1
3032 32 124 1
3033 32 124 1
3034 32 124 1
3035 171 152 1
3036 171 152 1
3037 171 152 1
3038 171 152 1
3039 171 152 1
3040 171 152 1
3041 171 152 1
3042 171 152 1
3043 171 152 1
3044 171 152 1
3045 171 152 1
3046 171 152 1
3047 171 152 1
3048 171 152 1
3049 171 152 1
3050 171 152 1
3051 171 152 1
3052 171 152 1
3053 171 152 1
3054 171 152 1
3055 171 152 1
3056 65 11 10
3057 65 11 10
3058 65 11 10
3059 65 11 10
3060 65 11 10
3061 65 11 10
3062 65 11 10
3063 65 11 10
3064 65 11 10
3065 65 11 10
3066 65 11 10
3067 81 9 1
3068 81 9 1
3069 81 9 1
3070 81 9 1
3071 81 9 1
3072 81 9 1
3073 81 9 1
3074 81 9 1
3075 81 9 1
3076 81 9 1
3077 81 9 1
3078 81 9 1
3079 81 9 1
3080 81 9 1
3081 81 9 1
3082 81 9 1
3083 81 9 1
3084 81 9 1
3085 81 9 1
3086 81 9 1
3087 81 9 1
3088 116 115 1
3089 116 115 1
3090 116 115 1
3091 116 115 1
3092 116 115 1
3093 116 115 1
3094 116 115 1
3095 116 115 1
3096 116 115 1
3097 116 115 1
3098 161 62 2.5
3099 161 62 2.5
3100 161 62 2.5
3101 161 62 2.5
3102 147 51 2.5
3103 147 51 2.5
3104 147 51 2.5
3105 147 51 2.5
3106 147 51 2.5
3107 147 51 2.5
3108 147 51 2.5
3109 155 121 1
3110 155 121 1
3111 155 121 1
3112 155 121 1
3113 155 121 1
3114 155 121 1
3115 155 121 1
3116 155 121 1
3117 155 121 1
3118 155 121 1
3119 155 121 1
3120 119 146 1
3121 119 146 1
3122 119 146 1
3123 119 146 1
3124 119 146 1
3125 119 146 1
3126 119 146 1
3127 119 146 1
3128 119 146 1
3129 119 146 1
3130 119 146 1
3131 119 146 1
3132 160 153 1
3133 160 153 1
3134 160 153 1
3135 160 153 1
3136 160 153 1
3137 155 39 1
3138 155 39 1
3139 155 39 1
3140 155 39 1
3141 155 39 1
3142 155 39 1
3143 155 39 1
3144 125 62 1
3145 125 62 1
3146 125 62 1
3147 125 62 1
3148 125 62 1
3149 125 62 1
3150 125 62 1
3151 125 62 1
3152 125 62 1
3153 125 62 1
3154 125 62 1
3155 125 62 1
3156 125 62 1
3157 125 62 1
3158 125 62 1
3159 125 62 1
3160 125 62 1
3161 31 167 1
3162 31 167 1
3163 31 167 1
3164 31 167 1
3165 31 167 1
3166 31 167 1
3167 31 167 1
3168 31 167 1
3169 31 167 1
3170 31 167 1
3171 31 167 1
3172 31 167 1
3173 31 167 1
3174 31 167 1
3175 31 167 1
3176 31 167 1
3177 31 167 1
3178 31 167 1
3179 31 167 1
3180 31 167 1
3181 9 168 1
3182 9 168 1
3183 9 168 1
3184 9 168 1
3185 9 168 1
3186 9 168 1
3187 9 168 1
3188 9 168 1
3189 9 168 1
3190 9 168 1
3191 9 168 1
3192 9 168 1
3193 9 168 1
3194 9 168 1
3195 9 168 1
3196 74 81 10
3197 83 19 10
3198 83 19 10
3199 170 77 1
3200 170 77 1
3201 170 77 1
3202 170 77 1
3203 170 77 1
3204 170 77 1
3205 170 77 1
3206 170 77 1
3207 170 77 1
3208 170 77 1
3209 170 77 1
3210 170 77 1
3211 170 77 1
3212 170 77 1
3213 144 37 1
3214 144 37 1
3215 144 37 1
3216 144 37 1
3217 144 37 1
3218 144 37 1
3219 144 37 1
3220 144 37 1
3221 144 37 1
3222 17 173 10
3223 17 173 10
3224 17 173 10
3225 17 173 10
3226 17 173 10
3227 17 173 10
3228 17 173 10
3229 17 173 10
3230 17 173 10
3231 146 104 2.5
3232 78 44 2.5
3233 78 44 2.5
3234 78 44 2.5
3235 78 44 2.5
3236 78 44 2.5
3237 78 44 2.5
3238 78 44 2.5
3239 78 44 2.5
3240 78 44 2.5
3241 78 44 2.5
3242 42 135 1
3243 42 135 1
3244 42 135 1
3245 42 135 1
3246 42 135 1
3247 42 135 1
3248 42 135 1
3249 42 135 1
3250 42 135 1
3251 42 135 1
3252 42 135 1
3253 42 135 1
3254 42 135 1
3255 68 146 100
3256 68 146 100
3257 68 146 100
3258 68 146 100
3259 116 96 1
3260 116 96 1
3261 116 96 1
3262 116 96 1
3263 116 96 1
3264 116 96 1
3265 116 96 1
3266 116 96 1
3267 116 96 1
3268 116 96 1
3269 116 96 1
3270 116 96 1
3271 116 96 1
3272 116 96 1
3273 116 96 1
3274 116 96 1
3275 116 96 1
3276 116 96 1
3277 116 96 1
3278 116 96 1
3279 116 96 1
3280 116 96 1
3281 24 72 1
3282 24 72 1
3283 24 72 1
3284 24 72 1
3285 24 72 1
3286 24 72 1
3287 24 109 1
3288 24 109 1
3289 24 109 1
3290 24 109 1
3291 24 109 1
3292 24 109 1
3293 24 109 1
3294 24 109 1
3295 24 109 1
3296 146 15 1
3297 146 15 1
3298 146 15 1
3299 146 15 1
3300 146 15 1
3301 17 152 1
3302 17 152 1
3303 17 152 1
3304 17 152 1
3305 17 152 1
3306 17 152 1
3307 17 152 1
3308 17 152 1
3309 17 152 1
3310 17 152 1
3311 17 152 1
3312 17 152 1
3313 17 152 1
3314 17 152 1
3315 17 152 1
3316 17 152 1
3317 99 7 1
3318 99 7 1
3319 99 7 1
3320 99 7 1
3321 99 7 1
3322 99 7 1
3323 99 7 1
3324 99 7 1
3325 144 73 2.5
3326 144 73 2.5
3327 144 73 2.5
3328 144 73 2.5
3329 144 73 2.5
3330 144 73 2.5
3331 144 73 2.5
3332 144 73 2.5
3333 144 73 2.5
3334 144 73 2.5
3335 144 73 2.5
3336 16 117 1
3337 16 117 1
3338 16 117 1
3339 16 117 1
3340 16 117 1
3341 16 117 1
3342 16 117 1
3343 16 117 1
3344 16 117 1
3345 16 117 1
3346 16 117 1
3347 16 117 1
3348 16 117 1
3349 16 117 1
3350 16 117 1
3351 16 117 1
3352 16 117 1
3353 16 117 1
3354 16 117 1
3355 16 117 1
3356 16 117 1
3357 11 81 1
3358 11 81 1
3359 11 81 1
3360 11 81 1
3361 11 81 1
3362 11 81 1
3363 11 81 1
3364 11 81 1
3365 11 81 1
3366 11 81 1
3367 11 81 1
3368 11 81 1
3369 121 161 1
3370 121 161 1
3371 121 161 1
3372 121 161 1
3373 121 161 1
3374 121 161 1
3375 121 161 1
3376 121 161 1
3377 121 161 1
3378 121 161 1
3379 121 161 1
3380 40 51 10
3381 40 51 10
3382 40 51 10
3383 40 51 10
3384 40 51 10
3385 40 51 10
3386 40 51 10
3387 40 51 10
3388 40 51 10
3389 40 51 10
3390 64 99 1
3391 64 99 1
3392 64 99 1
3393 64 99 1
3394 64 99 1
3395 64 99 1
3396 64 99 1
3397 64 99 1
3398 53 70 10
3399 53 70 10
3400 53 70 10
3401 53 70 10
3402 53 70 10
3403 53 70 10
3404 53 70 10
3405 53 70 10
3406 53 70 10
3407 53 70 10
3408 53 70 10
3409 21 144 10
3410 21 144 10
3411 21 144 10
3412 21 144 10
3413 21 144 10
3414 21 144 10
3415 21 144 10
3416 21 144 10
3417 21 144 10
3418 21 144 10
3419 21 144 10
3420 88 105 10
3421 88 105 10
3422 88 105 10
3423 88 105 10
3424 88 105 10
3425 88 105 10
3426 88 105 10
3427 123 71 1
3428 123 71 1
3429 123 71 1
3430 123 71 1
3431 123 71 1
3432 123 71 1
3433 123 71 1
3434 123 71 1
3435 123 71 1
3436 123 71 1
3437 123 71 1
3438 123 71 1
3439 123 71 1
3440 123 71 1
3441 142 2 1
3442 142 2 1
3443 142 2 1
3444 142 2 1
3445 142 2 1
3446 142 2 1
3447 142 2 1
3448 142 2 1
3449 142 2 1
3450 142 2 1
3451 142 2 1
3452 63 40 1
3453 63 40 1
3454 63 40 1
3455 63 40 1
3456 63 40 1
3457 63 40 1
3458 63 40 1
3459 63 40 1
3460 63 40 1
3461 63 40 1
3462 63 40 1
3463 63 40 1
3464 63 40 1
3465 63 40 1
3466 63 40 1
3467 63 40 1
3468 63 40 1
3469 63 40 1
3470 63 40 1
3471 63 40 1
3472 168 91 1
3473 168 91 1
3474 168 91 1
3475 168 91 1
3476 168 91 1
3477 168 91 1
3478 168 91 1
3479 168 91 1
3480 168 91 1
3481 168 91 1
3482 168 91 1
3483 168 91 1
3484 168 91 1
3485 168 91 1
3486 168 91 1
3487 168 91 1
3488 168 91 1
3489 168 91 1
3490 168 91 1
3491 168 91 1
3492 14 52 2.5
3493 14 52 2.5
3494 14 52 2.5
3495 14 52 2.5
3496 14 52 2.5
3497 14 52 2.5
3498 14 52 2.5
3499 14 52 2.5
3500 14 52 2.5
3501 14 52 2.5
3502 14 52 2.5
3503 14 52 2.5
3504 15 116 10
3505 15 116 10
3506 15 116 10
3507 15 116 10
3508 15 116 10
3509 135 93 2.5
3510 135 93 2.5
3511 135 93 2.5
3512 135 93 2.5
3513 135 93 2.5
3514 141 149 1
3515 141 149 1
3516 141 149 1
3517 141 149 1
3518 141 149 1
3519 141 149 1
3520 141 149 1
3521 141 149 1
3522 141 149 1
3523 141 149 1
3524 148 159 1
3525 148 159 1
3526 148 159 1
3527 148 159 1
3528 148 159 1
3529 148 159 1
3530 148 159 1
3531 148 159 1
3532 148 159 1
3533 20 72 10
3534 20 72 10
3535 20 72 10
3536 20 72 10
3537 20 72 10
3538 20 72 10
3539 20 72 10
3540 132 107 1
3541 132 107 1
3542 132 107 1
3543 132 107 1
3544 132 107 1
3545 132 107 1
3546 132 107 1
3547 38 173 10
3548 38 173 10
3549 38 173 10
3550 38 173 10
3551 38 173 10
3552 38 173 10
3553 11 111 1
3554 11 111 1
3555 11 111 1
3556 11 111 1
3557 11 111 1
3558 11 111 1
3559 11 111 1
3560 122 97 1
3561 122 97 1
3562 122 97 1
3563 122 97 1
3564 122 97 1
3565 122 97 1
3566 13 105 40
3567 13 105 40
3568 172 118 100
3569 172 118 100
3570 78 133 2.5
3571 78 133 2.5
3572 78 133 2.5
3573 78 133 2.5
3574 78 133 2.5
3575 78 133 2.5
3576 78 133 2.5
3577 78 133 2.5
3578 78 133 2.5
3579 78 133 2.5
3580 78 133 2.5
3581 95 14 1
3582 95 14 1
3583 95 14 1
3584 95 14 1
3585 95 14 1
3586 95 14 1
3587 95 14 1
3588 95 14 1
3589 95 14 1
3590 95 14 1
3591 95 14 1
3592 95 14 1
3593 95 14 1
3594 95 14 1
3595 95 14 1
3596 95 14 1
3597 95 14 1
3598 95 14 1
3599 95 14 1
3600 95 14 1
3601 95 14 1
3602 129 130 1
3603 129 130 1
3604 129 130 1
3605 129 130 1
3606 129 130 1
3607 129 130 1
3608 129 130 1
3609 129 130 1
3610 129 130 1
3611 129 130 1
3612 129 130 1
3613 129 130 1
3614 129 130 1
3615 129 130 1
3616 129 130 1
3617 129 130 1
3618 129 130 1
3619 129 130 1
3620 129 130 1
3621 147 60 1
3622 147 60 1
3623 147 60 1
3624 147 60 1
3625 147 60 1
3626 147 60 1
3627 67 80 1
3628 67 80 1
3629 67 80 1
3630 67 80 1
3631 67 80 1
3632 67 80 1
3633 67 80 1
3634 67 80 1
3635 67 80 1
3636 67 80 1
3637 67 80 1
3638 67 80 1
3639 67 80 1
3640 67 80 1
3641 121 44 1
3642 121 44 1
3643 121 44 1
3644 121 44 1
3645 121 44 1
3646 121 44 1
3647 121 44 1
3648 121 44 1
3649 121 44 1
3650 121 44 1
3651 121 44 1
3652 121 44 1
3653 121 44 1
3654 121 44 1
3655 121 44 1
3656 121 44 1
3657 121 44 1
3658 121 44 1
3659 43 173 2.5
3660 43 173 2.5
3661 43 173 2.5
3662 43 173 2.5
3663 99 51 1
3664 99 51 1
3665 99 51 1
3666 99 51 1
3667 99 51 1
3668 99 51 1
3669 99 51 1
3670 99 51 1
3671 99 51 1
3672 99 51 1
3673 99 51 1
3674 99 51 1
3675 99 51 1
3676 99 51 1
3677 99 51 1
3678 99 51 1
3679 99 51 1
3680 99 51 1
3681 99 51 1
3682 99 51 1
3683 99 51 1
3684 99 51 1
3685 2 164 1
3686 2 164 1
3687 2 164 1
3688 2 164 1
3689 2 164 1
3690 2 164 1
3691 2 164 1
3692 2 164 1
3693 2 164 1
3694 2 164 1
3695 2 164 1
3696 2 164 1
3697 2 164 1
3698 2 164 1
3699 2 164 1
3700 2 164 1
3701 2 164 1
3702 2 164 1
3703 2 164 1
3704 121 111 10
3705 121 111 10
3706 121 111 10
3707 121 111 10
3708 121 111 10
3709 121 111 10
3710 121 111 10
3711 57 39 2.5
3712 57 39 2.5
3713 57 39 2.5
3714 57 39 2.5
3715 57 39 2.5
3716 57 39 2.5
3717 57 39 2.5
3718 57 39 2.5
3719 42 1 1
3720 42 1 1
3721 42 1 1
3722 42 1 1
3723 42 1 1
3724 42 1 1
3725 14 156 1
3726 14 156 1
3727 14 156 1
3728 14 156 1
3729 14 156 1
3730 14 156 1
3731 14 156 1
3732 14 156 1
3733 14 156 1
3734 14 156 1
3735 14 156 1
3736 14 156 1
3737 14 156 1
3738 14 156 1
3739 14 156 1
3740 14 156 1
3741 14 156 1
3742 33 172 1
3743 33 172 1
3744 33 172 1
3745 33 172 1
3746 33 172 1
3747 33 172 1
3748 33 172 1
3749 33 172 1
3750 33 172 1
3751 33 172 1
3752 33 172 1
3753 33 172 1
3754 138 126 1
3755 138 126 1
3756 138 126 1
3757 138 126 1
3758 138 126 1
3759 138 126 1
3760 138 126 1
3761 138 126 1
3762 138 126 1
3763 138 126 1
3764 166 157 1
3765 166 157 1
3766 166 157 1
3767 166 157 1
3768 166 157 1
3769 166 157 1
3770 166 157 1
3771 166 157 1
3772 166 157 1
3773 166 157 1
3774 166 157 1
3775 166 157 1
3776 166 157 1
3777 166 157 1
3778 166 157 1
3779 166 157 1
3780 166 157 1
3781 160 3 1
3782 160 3 1
3783 160 3 1
3784 160 3 1
3785 160 3 1
3786 160 3 1
3787 160 3 1
3788 160 3 1
3789 160 3 1
3790 128 113 1
3791 128 113 1
3792 128 113 1
3793 128 113 1
3794 128 113 1
3795 128 113 1
3796 128 113 1
3797 128 113 1
3798 128 113 1
3799 128 113 1
3800 128 113 1
3801 128 113 1
3802 32 43 1
3803 32 43 1
3804 32 43 1
3805 32 43 1
3806 32 43 1
3807 32 43 1
3808 32 43 1
3809 32 43 1
3810 32 43 1
3811 32 43 1
3812 32 43 1
3813 32 43 1
3814 32 43 1
3815 32 43 1
3816 2 78 1
3817 2 78 1
3818 2 78 1
3819 2 78 1
3820 2 78 1
3821 2 78 1
3822 2 78 1
3823 2 78 1
3824 2 78 1
3825 80 39 1
3826 80 39 1
3827 80 39 1
3828 80 39 1
3829 80 39 1
3830 80 39 1
3831 80 39 1
3832 80 39 1
3833 80 39 1
3834 80 39 1
3835 80 39 1
3836 80 39 1
3837 80 39 1
3838 80 39 1
3839 80 39 1
3840 80 39 1
3841 59 36 1
3842 59 36 1
3843 59 36 1
3844 59 36 1
3845 59 36 1
3846 59 36 1
3847 59 36 1
3848 59 36 1
3849 59 36 1
3850 59 36 1
3851 59 36 1
3852 17 173 10
3853 17 173 10
3854 17 173 10
3855 17 173 10
3856 17 173 10
3857 17 173 10
3858 88 14 1
3859 88 14 1
3860 88 14 1
3861 88 14 1
3862 88 14 1
3863 80 154 10
3864 80 154 10
3865 80 154 10
3866 80 154 10
3867 80 154 10
3868 80 154 10
3869 80 154 10
3870 80 154 10
3871 80 154 10
3872 80 154 10
3873 117 120 1
3874 117 120 1
3875 117 120 1
3876 117 120 1
3877 117 120 1
3878 117 120 1
3879 117 120 1
3880 117 120 1
3881 117 120 1
3882 117 120 1
3883 117 120 1
3884 117 120 1
3885 117 120 1
3886 117 120 1
3887 117 120 1
3888 117 120 1
3889 117 120 1
3890 108 21 1
3891 108 21 1
3892 108 21 1
3893 108 21 1
3894 108 21 1
3895 108 21 1
3896 108 21 1
3897 108 21 1
3898 108 21 1
3899 108 21 1
3900 108 21 1
3901 108 21 1
3902 108 21 1
3903 108 21 1
3904 108 21 1
3905 108 21 1
3906 108 21 1
3907 78 9 1
3908 78 9 1
3909 78 9 1
3910 78 9 1
3911 78 9 1
3912 78 9 1
3913 78 9 1
3914 78 9 1
3915 78 9 1
3916 78 9 1
3917 78 9 1
3918 78 9 1
3919 78 9 1
3920 105 125 10
3921 27 109 1
3922 27 109 1
3923 27 109 1
3924 27 109 1
3925 27 109 1
3926 27 109 1
3927 27 109 1
3928 27 109 1
3929 27 109 1
3930 27 109 1
3931 27 109 1
3932 27 109 1
3933 27 109 1
3934 27 109 1
3935 27 109 1
3936 126 134 10
3937 126 134 10
3938 126 134 10
3939 126 134 10
3940 126 134 10
3941 126 134 10
3942 126 134 10
3943 126 134 10
3944 126 134 10
3945 126 134 10
3946 62 121 10
3947 62 121 10
3948 62 121 10
3949 62 121 10
3950 62 121 10
3951 62 121 10
3952 62 121 10
3953 62 121 10
3954 62 121 10
3955 62 121 10
3956 62 121 10
3957 140 120 2.5
3958 140 120 2.5
3959 47 138 10
3960 171 22 10
3961 171 22 10
3962 32 51 1
3963 32 51 1
3964 32 51 1
3965 32 51 1
3966 32 51 1
3967 32 51 1
3968 32 51 1
3969 32 51 1
3970 32 51 1
3971 32 51 1
3972 32 51 1
3973 32 51 1
3974 32 51 1
3975 32 51 1
3976 32 51 1
3977 32 51 1
3978 79 3 10
3979 74 121 1
3980 74 121 1
3981 74 121 1
3982 74 121 1
3983 74 121 1
3984 74 121 1
3985 34 171 1
3986 34 171 1
3987 34 171 1
3988 34 171 1
3989 34 171 1
3990 34 171 1
3991 34 171 1
3992 34 171 1
3993 34 171 1
3994 34 171 1
3995 34 171 1
3996 34 171 1
3997 34 171 1
3998 34 171 1
3999 34 171 1
4000 34 171 1
4001 34 171 1
4002 34 171 1
4003 80 145 10
4004 80 145 10
4005 80 145 10
4006 80 145 10
4007 80 145 10
4008 80 145 10
4009 80 145 10
4010 80 145 10
4011 39 128 2.5
4012 39 128 2.5
4013 39 128 2.5
4014 39 128 2.5
4015 39 128 2.5
4016 39 128 2.5
4017 39 128 2.5
4018 39 128 2.5
4019 39 128 2.5
4020 39 128 2.5
4021 39 128 2.5
4022 39 128 2.5
4023 61 122 1
4024 61 122 1
4025 61 122 1
4026 61 122 1
4027 61 122 1
4028 61 122 1
4029 61 122 1
4030 61 122 1
4031 61 122 1
4032 61 122 1
4033 61 122 1
4034 15 64 10
4035 15 64 10
4036 15 64 10
4037 15 64 10
4038 15 64 10
4039 15 64 10
4040 156 78 1
4041 156 78 1
4042 156 78 1
4043 156 78 1
4044 156 78 1
4045 156 78 1
4046 156 78 1
4047 156 78 1
4048 156 78 1
4049 156 78 1
4050 156 78 1
4051 156 78 1
4052 156 78 1
4053 156 78 1
4054 156 78 1
4055 156 78 1
4056 156 78 1
4057 156 78 1
4058 156 78 1
4059 156 78 1
4060 156 78 1
4061 134 114 1
4062 134 114 1
4063 134 114 1
4064 134 114 1
4065 134 114 1
4066 134 114 1
4067 134 114 1
4068 134 114 1
4069 134 114 1
4070 134 114 1
4071 134 114 1
4072 134 114 1
4073 134 114 1
4074 134 114 1
4075 134 114 1
4076 134 114 1
4077 134 114 1
4078 107 71 100
4079 107 71 100
4080 107 71 100
4081 107 71 100
4082 125 99 1
4083 125 99 1
4084 125 99 1
4085 125 99 1
4086 125 99 1
4087 125 99 1
4088 125 99 1
4089 125 99 1
4090 125 99 1
4091 125 99 1
4092 125 99 1
4093 125 99 1
4094 125 99 1
4095 125 99 1
4096 125 99 1
4097 125 99 1
4098 125 99 1
4099 78 13 10
4100 78 13 10
4101 78 13 10
4102 78 13 10
4103 78 13 10
4104 30 134 1
4105 30 134 1
4106 30 134 1
4107 30 134 1
4108 30 134 1
4109 30 134 1
4110 30 134 1
4111 30 134 1
4112 30 134 1
4113 30 134 1
4114 30 134 1
4115 30 134 1
4116 30 134 1
4117 30 134 1
4118 30 134 1
4119 30 134 1
4120 9 34 2.5
4121 9 34 2.5
4122 9 34 2.5
4123 166 148 1
4124 166 148 1
4125 166 148 1
4126 166 148 1
4127 166 148 1
4128 166 148 1
4129 166 148 1
4130 166 148 1
4131 166 148 1
4132 166 148 1
4133 77 84 10
4134 77 84 10
4135 77 84 10
4136 114 101 1
4137 114 101 1
4138 114 101 1
4139 114 101 1
4140 114 101 1
4141 114 101 1
4142 114 101 1
4143 114 101 1
4144 114 101 1
4145 114 101 1
4146 114 101 1
4147 114 101 1
4148 114 101 1
4149 101 152 1
4150 101 152 1
4151 101 152 1
4152 101 152 1
4153 101 152 1
4154 101 152 1
4155 101 152 1
4156 101 152 1
4157 101 152 1
4158 151 34 10
4159 151 34 10
4160 151 34 10
4161 151 34 10
4162 151 34 10
4163 29 41 2.5
4164 29 41 2.5
4165 29 41 2.5
4166 29 41 2.5
4167 29 41 2.5
4168 29 41 2.5
4169 29 41 2.5
4170 29 41 2.5
4171 29 41 2.5
4172 29 41 2.5
4173 29 41 2.5
4174 29 41 2.5
4175 110 12 10
4176 110 12 10
4177 110 12 10
4178 110 12 10
4179 110 12 10
4180 110 12 10
4181 110 12 10
4182 110 12 10
4183 110 12 10
4184 110 12 10
4185 109 1 1
4186 109 1 1
4187 109 1 1
4188 109 1 1
4189 109 1 1
4190 109 1 1
4191 109 1 1
4192 109 1 1
4193 109 1 1
4194 109 1 1
4195 109 1 1
4196 109 1 1
4197 109 1 1
4198 109 1 1
4199 109 1 1
4200 109 1 1
4201 109 1 1
4202 97 119 10
4203 97 119 10
4204 97 119 10
4205 80 45 1
4206 80 45 1
4207 80 45 1
4208 80 45 1
4209 80 45 1
4210 80 45 1
4211 80 45 1
4212 80 45 1
4213 80 45 1
4214 80 45 1
4215 80 45 1
4216 80 45 1
4217 80 45 1
4218 80 45 1
4219 80 45 1
4220 80 45 1
4221 80 45 1
4222 80 45 1
4223 86 94 1
4224 86 94 1
4225 86 94 1
4226 86 94 1
4227 86 94 1
4228 86 94 1
4229 86 94 1
4230 86 94 1
4231 86 94 1
4232 86 94 1
4233 86 94 1
4234 86 94 1
4235 86 94 1
4236 86 94 1
4237 86 94 1
4238 86 94 1
4239 86 94 1
4240 86 94 1
4241 86 94 1
4242 86 94 1
4243 86 94 1
4244 86 94 1
4245 164 47 1
4246 164 47 1
4247 164 47 1
4248 164 47 1
4249 164 47 1
4250 164 47 1
4251 164 47 1
4252 164 47 1
4253 164 47 1
4254 164 47 1
4255 164 47 1
4256 164 47 1
4257 164 47 1
4258 164 47 1
4259 164 47 1
4260 164 47 1
4261 164 47 1
4262 164 47 1
4263 164 47 1
4264 164 47 1
4265 164 47 1
4266 164 47 1
4267 36 35 1
4268 36 35 1
4269 36 35 1
4270 36 35 1
4271 36 35 1
4272 36 35 1
4273 36 35 1
4274 36 35 1
4275 36 35 1
4276 36 35 1
4277 36 35 1
4278 36 35 1
4279 81 123 1
4280 81 123 1
4281 81 123 1
4282 81 123 1
4283 81 123 1
4284 34 11 2.5
4285 34 11 2.5
4286 34 11 2.5
4287 34 11 2.5
4288 34 11 2.5
4289 34 11 2.5
4290 61 105 10
4291 61 105 10
4292 61 105 10
4293 61 105 10
4294 61 105 10
4295 61 105 10
4296 82 87 1
4297 82 87 1
4298 82 87 1
4299 82 87 1
4300 82 87 1
4301 82 87 1
4302 82 87 1
4303 82 87 1
4304 82 87 1
4305 82 87 1
4306 82 87 1
4307 82 87 1
4308 82 87 1
4309 82 87 1
4310 82 87 1
4311 82 87 1
4312 7 51 1
4313 7 51 1
4314 7 51 1
4315 7 51 1
4316 7 51 1
4317 7 51 1
4318 7 51 1
4319 7 51 1
4320 7 51 1
4321 7 51 1
4322 7 51 1
4323 7 51 1
4324 7 51 1
4325 91 117 10
4326 91 117 10
4327 91 117 10
4328 91 117 10
4329 91 117 10
4330 53 141 2.5
4331 53 141 2.5
4332 53 141 2.5
4333 53 141 2.5
4334 53 141 2.5
4335 65 39 10
4336 65 39 10
4337 65 39 10
4338 65 39 10
4339 65 39 10
4340 65 39 10
4341 65 39 10
4342 65 39 10
4343 65 39 10
4344 65 39 10
4345 120 17 1
4346 120 17 1
4347 120 17 1
4348 120 17 1
4349 120 17 1
4350 120 17 1
4351 120 17 1
4352 120 17 1
4353 120 17 1
4354 120 17 1
4355 120 17 1
4356 120 17 1
4357 21 172 1
4358 21 172 1
4359 21 172 1
4360 21 172 1
4361 21 172 1
4362 21 172 1
4363 21 172 1
4364 21 172 1
4365 21 172 1
4366 21 172 1
4367 21 172 1
4368 38 143 10
4369 38 143 10
4370 51 67 10
4371 51 67 10
4372 51 67 10
4373 51 67 10
4374 51 67 10
4375 51 67 10
4376 113 174 10
4377 113 174 10
4378 113 174 10
4379 89 106 100
4380 89 106 100
4381 89 106 100
4382 89 106 100
4383 44 118 10
4384 44 118 10
4385 44 118 10
4386 44 118 10
4387 44 118 10
4388 80 169 2.5
4389 80 169 2.5
4390 80 169 2.5
4391 80 169 2.5
4392 117 9 1
4393 117 9 1
4394 117 9 1
4395 117 9 1
4396 117 9 1
4397 117 9 1
4398 117 9 1
4399 117 9 1
4400 117 9 1
4401 117 9 1
4402 117 9 1
4403 117 9 1
4404 117 9 1
4405 117 9 1
4406 117 9 1
4407 117 9 1
4408 117 9 1
4409 117 9 1
4410 117 9 1
4411 117 9 1
4412 117 9 1
4413 37 157 1
4414 37 157 1
4415 37 157 1
4416 37 157 1
4417 37 157 1
4418 37 157 1
4419 37 157 1
4420 37 157 1
4421 37 157 1
4422 37 157 1
4423 37 157 1
4424 37 157 1
4425 37 157 1
4426 37 157 1
4427 37 157 1
4428 37 157 1
4429 37 157 1
4430 37 157 1
4431 37 157 1
4432 37 157 1
4433 87 70 1
4434 87 70 1
4435 87 70 1
4436 87 70 1
4437 87 70 1
4438 87 70 1
4439 87 70 1
4440 87 70 1
4441 87 70 1
4442 87 70 1
4443 87 70 1
4444 87 70 1
4445 87 70 1
4446 87 70 1
4447 87 70 1
4448 1 143 1
4449 1 143 1
4450 1 143 1
4451 1 143 1
4452 1 143 1
4453 1 143 1
4454 1 143 1
4455 1 143 1
4456 1 143 1
4457 1 143 1
4458 1 143 1
4459 1 143 1
4460 1 143 1
4461 1 143 1
4462 1 143 1
4463 1 143 1
4464 1 143 1
4465 133 21 1
4466 133 21 1
4467 133 21 1
4468 133 21 1
4469 133 21 1
4470 133 21 1
4471 133 21 1
4472 133 21 1
4473 133 21 1
4474 133 21 1
4475 133 21 1
4476 133 21 1
4477 133 21 1
4478 161 130 1
4479 161 130 1
4480 161 130 1
4481 161 130 1
4482 161 130 1
4483 161 130 1
4484 161 130 1
4485 161 130 1
4486 161 130 1
4487 161 130 1
4488 161 130 1
4489 161 130 1
4490 33 52 1
4491 33 52 1
4492 33 52 1
4493 33 52 1
4494 33 52 1
4495 33 52 1
4496 33 52 1
4497 33 52 1
4498 33 52 1
4499 33 52 1
4500 33 52 1
4501 33 52 1
4502 122 146 1
4503 122 146 1
4504 122 146 1
4505 122 146 1
4506 122 146 1
4507 122 146 1
4508 122 146 1
4509 122 146 1
4510 122 146 1
4511 122 146 1
4512 122 146 1
4513 122 146 1
4514 122 146 1
4515 122 146 1
4516 122 146 1
4517 122 146 1
4518 122 146 1
4519 122 146 1
4520 122 146 1
4521 122 146 1
4522 122 146 1
4523 122 146 1
4524 142 154 10
4525 142 154 10
4526 142 154 10
4527 85 134 2.5
4528 85 134 2.5
4529 85 134 2.5
4530 85 134 2.5
4531 85 134 2.5
4532 168 44 10
4533 168 44 10
4534 168 44 10
4535 168 44 10
4536 168 44 10
4537 168 44 10
4538 74 90 1
4539 74 90 1
4540 74 90 1
4541 74 90 1
4542 74 90 1
4543 74 90 1
4544 74 90 1
4545 74 90 1
4546 74 90 1
4547 74 90 1
4548 74 90 1
4549 74 90 1
4550 18 3 2.5
4551 18 3 2.5
4552 146 130 1
4553 146 130 1
4554 146 130 1
4555 146 130 1
4556 146 130 1
4557 146 130 1
4558 146 130 1
4559 146 130 1
4560 146 130 1
4561 146 130 1
4562 146 130 1
4563 146 130 1
4564 22 19 2.5
4565 118 144 10
4566 118 144 10
4567 118 144 10
4568 118 144 10
4569 118 144 10
4570 118 144 10
4571 85 3 1
4572 85 3 1
4573 85 3 1
4574 85 3 1
4575 85 3 1
4576 85 3 1
4577 85 3 1
4578 85 3 1
4579 85 3 1
4580 85 3 1
4581 85 3 1
4582 85 3 1
4583 85 3 1
4584 85 3 1
4585 85 3 1
4586 85 3 1
4587 85 3 1
4588 172 37 1
4589 172 37 1
4590 172 37 1
4591 172 37 1
4592 172 37 1
4593 172 37 1
4594 172 37 1
4595 41 17 1
4596 41 17 1
4597 41 17 1
4598 41 17 1
4599 41 17 1
4600 41 17 1
4601 41 17 1
4602 41 17 1
4603 41 17 1
4604 165 105 10
4605 165 105 10
4606 165 105 10
4607 165 105 10
4608 131 106 100
4609 131 106 100
4610 131 106 100
4611 136 144 10
4612 136 144 10
4613 136 144 10
4614 136 144 10
4615 136 144 10
4616 136 144 10
4617 136 144 10
4618 136 144 10
4619 57 126 1
4620 57 126 1
4621 57 126 1
4622 57 126 1
4623 57 126 1
4624 57 126 1
4625 57 126 1
4626 57 126 1
4627 57 126 1
4628 57 126 1
4629 57 126 1
4630 57 126 1
4631 57 126 1
4632 57 126 1
4633 57 126 1
4634 57 126 1
4635 57 126 1
4636 57 126 1
4637 2 46 10
4638 2 46 10
4639 2 46 10
4640 2 46 10
4641 2 46 10
4642 2 46 10
4643 2 46 10
4644 2 46 10
4645 2 46 10
4646 90 105 1
4647 90 105 1
4648 90 105 1
4649 90 105 1
4650 90 105 1
4651 90 105 1
4652 90 105 1
4653 90 105 1
4654 90 105 1
4655 90 105 1
4656 90 105 1
4657 90 105 1
4658 90 105 1
4659 90 105 1
4660 90 105 1
4661 90 105 1
4662 90 105 1
4663 90 105 1
4664 90 105 1
4665 90 105 1
4666 143 174 10
4667 137 105 2.5
4668 137 105 2.5
4669 74 142 10
4670 74 142 10
4671 56 107 1
4672 56 107 1
4673 56 107 1
4674 56 107 1
4675 56 107 1
4676 56 107 1
4677 56 107 1
4678 56 107 1
4679 56 107 1
4680 56 107 1
4681 56 107 1
4682 56 107 1
4683 56 107 1
4684 56 107 1
4685 56 107 1
4686 56 107 1
4687 56 107 1
4688 56 107 1
4689 56 107 1
4690 56 107 1
4691 27 31 1
4692 27 31 1
4693 27 31 1
4694 27 31 1
4695 27 31 1
4696 27 31 1
4697 27 31 1
4698 27 31 1
4699 27 31 1
4700 27 31 1
4701 27 31 1
4702 27 31 1
4703 27 31 1
4704 27 31 1
4705 27 31 1
4706 27 31 1
4707 27 31 1
4708 27 31 1
4709 173 50 10
4710 173 50 10
4711 173 50 10
4712 173 50 10
4713 173 50 10
4714 104 105 1
4715 104 105 1
4716 104 105 1
4717 104 105 1
4718 104 105 1
4719 104 105 1
4720 104 105 1
4721 104 105 1
4722 104 105 1
4723 104 105 1
4724 104 105 1
4725 104 105 1
4726 104 105 1
4727 104 105 1
4728 104 105 1
4729 104 105 1
4730 104 105 1
4731 48 102 1
4732 48 102 1
4733 48 102 1
4734 48 102 1
4735 48 102 1
4736 48 102 1
4737 48 102 1
4738 48 102 1
4739 48 102 1
4740 48 102 1
4741 48 102 1
4742 48 102 1
4743 158 143 1
4744 158 143 1
4745 158 143 1
4746 158 143 1
4747 158 143 1
4748 158 143 1
4749 158 143 1
4750 158 143 1
4751 60 34 1
4752 60 34 1
4753 60 34 1
4754 60 34 1
4755 60 34 1
4756 60 34 1
4757 60 34 1
4758 60 34 1
4759 60 34 1
4760 60 34 1
4761 172 134 1
4762 172 134 1
4763 172 134 1
4764 172 134 1
4765 172 134 1
4766 172 134 1
4767 172 134 1
4768 172 134 1
4769 172 134 1
4770 172 134 1
4771 172 134 1
4772 172 134 1
4773 172 134 1
4774 172 134 1
4775 172 134 1
4776 172 134 1
4777 172 134 1
4778 172 134 1
4779 172 134 1
4780 172 134 1
4781 172 134 1
4782 51 134 1
4783 51 134 1
4784 51 134 1
4785 51 134 1
4786 51 134 1
4787 51 134 1
4788 51 134 1
4789 51 134 1
4790 51 134 1
4791 51 134 1
4792 51 134 1
4793 60 127 10
4794 60 127 10
4795 60 127 10
4796 60 127 10
4797 60 127 10
4798 60 127 10
4799 60 127 10
4800 60 127 10
4801 35 34 1
4802 35 34 1
4803 35 34 1
4804 35 34 1
4805 35 34 1
4806 35 34 1
4807 35 34 1
4808 35 34 1
4809 35 34 1
4810 35 34 1
4811 35 34 1
4812 35 34 1
