4812
1 83 171 100
2 83 171 100
3 79 57 1
4 79 57 1
5 79 57 1
6 79 57 1
7 79 57 1
8 79 57 1
9 79 57 1
10 79 57 1
11 79 57 1
12 79 57 1
13 79 57 1
14 79 57 1
15 79 57 1
16 79 57 1
17 79 57 1
18 79 57 1
19 79 57 1
20 79 57 1
21 79 57 1
22 114 4 1
23 114 4 1
24 114 4 1
25 114 4 1
26 114 4 1
27 114 4 1
28 114 4 1
29 114 4 1
30 114 4 1
31 114 4 1
32 114 4 1
33 114 4 1
34 114 4 1
35 111 2 2.5
36 39 19 10
37 39 19 10
38 50 72 10
39 50 72 10
40 50 72 10
41 50 72 10
42 21 119 1
43 21 119 1
44 21 119 1
45 21 119 1
46 21 119 1
47 21 119 1
48 21 119 1
49 21 119 1
50 21 119 1
51 21 119 1
52 21 119 1
53 21 119 1
54 21 119 1
55 21 119 1
56 21 119 1
57 21 119 1
58 21 119 1
59 21 119 1
60 21 119 1
61 21 119 1
62 21 119 1
63 47 142 10
64 47 142 10
65 47 142 10
66 47 142 10
67 79 49 1
68 79 49 1
69 79 49 1
70 79 49 1
71 79 49 1
72 79 49 1
73 79 49 1
74 79 49 1
75 4 77 1
76 4 77 1
77 4 77 1
78 4 77 1
79 4 77 1
80 4 77 1
81 4 77 1
82 4 77 1
83 4 77 1
84 4 77 1
85 4 77 1
86 4 77 1
87 24 76 1
88 24 76 1
89 24 76 1
90 24 76 1
91 24 76 1
92 24 76 1
93 24 76 1
94 24 76 1
95 24 76 1
96 24 76 1
97 160 135 1
98 160 135 1
99 160 135 1
100 160 135 1
101 160 135 1
102 160 135 1
103 160 135 1
104 160 135 1
105 160 135 1
106 160 135 1
107 160 135 1
108 160 135 1
109 160 135 1
110 160 135 1
111 160 135 1
112 160 135 1
113 160 135 1
114 160 135 1
115 160 135 1
116 160 135 1
117 160 135 1
118 158 86 1
119 158 86 1
120 158 86 1
121 158 86 1
122 158 86 1
123 158 86 1
124 158 86 1
125 158 86 1
126 158 86 1
127 158 86 1
128 158 86 1
129 158 86 1
130 158 86 1
131 42 83 10
132 42 83 10
133 42 83 10
134 42 83 10
135 19 112 2.5
136 19 171 1
137 19 171 1
138 19 171 1
139 19 171 1
140 19 171 1
141 19 171 1
142 19 171 1
143 19 171 1
144 19 171 1
145 19 171 1
146 19 171 1
147 19 171 1
148 19 171 1
149 19 171 1
150 19 171 1
151 19 171 1
152 19 171 1
153 97 139 1
154 97 139 1
155 97 139 1
156 97 139 1
157 97 139 1
158 97 139 1
159 97 139 1
160 97 139 1
161 97 139 1
162 97 139 1
163 97 139 1
164 97 139 1
165 97 139 1
166 97 139 1
167 97 139 1
168 97 139 1
169 97 139 1
170 119 96 1
171 119 96 1
172 119 96 1
173 119 96 1
174 119 96 1
175 119 96 1
176 119 96 1
177 119 96 1
178 119 96 1
179 119 96 1
180 45 2 2.5
181 45 2 2.5
182 45 2 2.5
183 45 2 2.5
184 45 2 2.5
185 45 2 2.5
186 45 2 2.5
187 45 2 2.5
188 45 2 2.5
189 45 2 2.5
190 144 98 10
191 144 98 10
192 144 98 10
193 144 98 10
194 144 98 10
195 144 98 10
196 144 98 10
197 144 98 10
198 144 98 10
199 144 98 10
200 164 9 10
201 164 9 10
202 164 9 10
203 164 9 10
204 164 9 10
205 164 9 10
206 164 9 10
207 164 9 10
208 164 9 10
209 164 9 10
210 106 119 1
211 106 119 1
212 106 119 1
213 106 119 1
214 106 119 1
215 106 119 1
216 106 119 1
217 106 119 1
218 106 119 1
219 106 119 1
220 106 119 1
221 106 119 1
222 106 119 1
223 106 119 1
224 106 119 1
225 43 97 1
226 43 97 1
227 43 97 1
228 43 97 1
229 43 97 1
230 43 97 1
231 43 97 1
232 43 97 1
233 43 97 1
234 43 97 1
235 43 97 1
236 43 97 1
237 43 97 1
238 43 97 1
239 43 97 1
240 43 97 1
241 43 97 1
242 43 97 1
243 43 97 1
244 43 97 1
245 43 97 1
246 154 9 1
247 154 9 1
248 154 9 1
249 154 9 1
250 154 9 1
251 154 9 1
252 154 9 1
253 154 9 1
254 154 9 1
255 154 9 1
256 154 9 1
257 154 9 1
258 154 9 1
259 154 9 1
260 154 9 1
261 154 9 1
262 174 53 10
263 174 53 10
264 174 53 10
265 174 53 10
266 174 53 10
267 174 53 10
268 174 53 10
269 174 53 10
270 170 137 40
271 170 137 40
272 170 137 40
273 170 137 40
274 18 28 10
275 18 28 10
276 18 28 10
277 18 28 10
278 18 28 10
279 18 28 10
280 18 28 10
281 18 28 10
282 18 28 10
283 6 63 1
284 6 63 1
285 6 63 1
286 6 63 1
287 6 63 1
288 6 63 1
289 6 63 1
290 6 63 1
291 6 63 1
292 9 14 10
293 9 14 10
294 9 14 10
295 9 14 10
296 9 14 10
297 9 14 10
298 9 14 10
299 9 14 10
300 9 14 10
301 9 14 10
302 145 90 1
303 145 90 1
304 145 90 1
305 145 90 1
306 145 90 1
307 165 173 2.5
308 165 173 2.5
309 165 173 2.5
310 165 173 2.5
311 166 90 1
312 166 90 1
313 166 90 1
314 166 90 1
315 166 90 1
316 93 142 1
317 93 142 1
318 93 142 1
319 93 142 1
320 93 142 1
321 93 142 1
322 93 142 1
323 93 142 1
324 93 142 1
325 93 142 1
326 93 142 1
327 93 142 1
328 93 142 1
329 93 142 1
330 93 142 1
331 93 142 1
332 93 142 1
333 93 142 1
334 93 142 1
335 93 142 1
336 93 142 1
337 96 3 10
338 96 3 10
339 96 3 10
340 96 3 10
341 96 3 10
342 96 3 10
343 96 3 10
344 96 3 10
345 96 3 10
346 96 3 10
347 158 173 10
348 158 173 10
349 158 173 10
350 158 173 10
351 158 173 10
352 76 127 1
353 76 127 1
354 76 127 1
355 76 127 1
356 76 127 1
357 76 127 1
358 76 127 1
359 76 127 1
360 76 127 1
361 76 127 1
362 76 127 1
363 76 127 1
364 76 127 1
365 76 127 1
366 76 127 1
367 76 127 1
368 76 127 1
369 76 127 1
370 76 127 1
371 26 112 10
372 26 112 10
373 26 112 10
374 26 112 10
375 26 112 10
376 26 112 10
377 26 112 10
378 26 112 10
379 26 112 10
380 26 112 10
381 64 61 2.5
382 64 61 2.5
383 170 20 10
384 170 20 10
385 170 20 10
386 170 20 10
387 170 20 10
388 142 102 10
389 82 109 100
390 82 109 100
391 63 111 1
392 63 111 1
393 63 111 1
394 63 111 1
395 63 111 1
396 63 111 1
397 63 111 1
398 63 111 1
399 136 140 1
400 136 140 1
401 136 140 1
402 136 140 1
403 136 140 1
404 136 140 1
405 136 140 1
406 136 140 1
407 136 140 1
408 136 140 1
409 136 140 1
410 136 140 1
411 136 140 1
412 136 140 1
413 136 140 1
414 136 140 1
415 136 140 1
416 136 140 1
417 86 8 1
418 86 8 1
419 86 8 1
420 86 8 1
421 86 8 1
422 86 8 1
423 86 8 1
424 86 8 1
425 86 8 1
426 86 8 1
427 86 8 1
428 86 8 1
429 86 8 1
430 86 8 1
431 86 8 1
432 86 8 1
433 86 8 1
434 86 8 1
435 86 8 1
436 18 53 10
437 64 146 10
438 64 146 10
439 64 146 10
440 64 146 10
441 64 146 10
442 64 146 10
443 64 146 10
444 64 146 10
445 50 144 10
446 50 144 10
447 50 144 10
448 50 144 10
449 50 144 10
450 144 156 1
451 144 156 1
452 144 156 1
453 144 156 1
454 144 156 1
455 144 156 1
456 144 156 1
457 144 156 1
458 144 156 1
459 144 156 1
460 144 156 1
461 144 156 1
462 144 156 1
463 144 156 1
464 144 156 1
465 144 156 1
466 144 156 1
467 144 156 1
468 144 156 1
469 136 34 10
470 136 34 10
471 136 34 10
472 136 34 10
473 136 34 10
474 136 34 10
475 136 34 10
476 136 34 10
477 136 34 10
478 59 85 10
479 59 85 10
480 59 85 10
481 59 85 10
482 59 85 10
483 59 85 10
484 104 36 10
485 104 36 10
486 135 97 10
487 135 97 10
488 135 97 10
489 135 97 10
490 135 97 10
491 135 97 10
492 2 50 10
493 2 50 10
494 2 50 10
495 2 50 10
496 2 50 10
497 2 50 10
498 2 50 10
499 33 124 1
500 33 124 1
501 33 124 1
502 33 124 1
503 33 124 1
504 33 124 1
505 33 124 1
506 33 124 1
507 33 124 1
508 33 124 1
509 33 124 1
510 33 124 1
511 33 124 1
512 33 124 1
513 33 124 1
514 33 124 1
515 33 124 1
516 33 124 1
517 33 124 1
518 33 124 1
519 33 124 1
520 33 124 1
521 54 147 10
522 54 147 10
523 54 147 10
524 54 147 10
525 54 147 10
526 169 53 10
527 169 53 10
528 169 53 10
529 169 53 10
530 169 53 10
531 169 53 10
532 169 53 10
533 169 53 10
534 169 53 10
535 125 91 2.5
536 125 91 2.5
537 125 91 2.5
538 125 91 2.5
539 125 91 2.5
540 125 91 2.5
541 173 149 10
542 173 149 10
543 173 149 10
544 173 149 10
545 173 149 10
546 68 151 1
547 68 151 1
548 68 151 1
549 68 151 1
550 68 151 1
551 68 151 1
552 68 151 1
553 68 151 1
554 68 151 1
555 68 151 1
556 68 151 1
557 68 151 1
558 68 151 1
559 68 151 1
560 68 151 1
561 68 151 1
562 68 151 1
563 68 151 1
564 68 151 1
565 47 169 10
566 47 169 10
567 47 169 10
568 47 169 10
569 47 169 10
570 47 169 10
571 47 169 10
572 47 169 10
573 104 55 1
574 104 55 1
575 104 55 1
576 104 55 1
577 104 55 1
578 104 55 1
579 167 153 100
580 167 153 100
581 109 80 1
582 109 80 1
583 109 80 1
584 109 80 1
585 109 80 1
586 109 80 1
587 53 31 2.5
588 53 31 2.5
589 53 31 2.5
590 53 31 2.5
591 53 31 2.5
592 53 31 2.5
593 53 31 2.5
594 53 31 2.5
595 40 65 10
596 40 65 10
597 40 65 10
598 40 65 10
599 8 153 1
600 8 153 1
601 8 153 1
602 8 153 1
603 8 153 1
604 8 153 1
605 8 153 1
606 8 153 1
607 8 153 1
608 8 153 1
609 8 153 1
610 8 153 1
611 8 153 1
612 8 153 1
613 8 153 1
614 8 153 1
615 8 153 1
616 8 153 1
617 8 153 1
618 8 153 1
619 39 51 10
620 39 51 10
621 32 53 100
622 145 171 2.5
623 145 171 2.5
624 145 171 2.5
625 145 171 2.5
626 145 171 2.5
627 145 171 2.5
628 145 171 2.5
629 145 171 2.5
630 20 64 1
631 20 64 1
632 20 64 1
633 20 64 1
634 20 64 1
635 20 64 1
636 20 64 1
637 20 64 1
638 20 64 1
639 20 64 1
640 20 64 1
641 20 64 1
642 112 141 10
643 112 141 10
644 112 141 10
645 112 141 10
646 112 141 10
647 80 92 100
648 80 92 100
649 80 92 100
650 80 92 100
651 154 138 1
652 154 138 1
653 154 138 1
654 154 138 1
655 154 138 1
656 154 138 1
657 154 138 1
658 154 138 1
659 154 138 1
660 154 138 1
661 154 138 1
662 154 138 1
663 154 138 1
664 126 151 1
665 126 151 1
666 126 151 1
667 126 151 1
668 126 151 1
669 126 151 1
670 126 151 1
671 126 151 1
672 126 151 1
673 126 151 1
674 126 151 1
675 126 151 1
676 126 151 1
677 126 151 1
678 126 151 1
679 126 151 1
680 126 151 1
681 126 151 1
682 126 151 1
683 126 151 1
684 126 151 1
685 70 16 1
686 70 16 1
687 70 16 1
688 70 16 1
689 70 16 1
690 70 16 1
691 70 16 1
692 70 16 1
693 70 16 1
694 70 16 1
695 70 16 1
696 70 16 1
697 70 16 1
698 70 16 1
699 84 118 10
700 84 118 10
701 84 118 10
702 84 118 10
703 84 118 10
704 24 135 2.5
705 24 135 2.5
706 30 70 10
707 30 70 10
708 30 70 10
709 30 70 10
710 30 70 10
711 30 70 10
712 29 155 10
713 29 155 10
714 29 155 10
715 18 87 1
716 18 87 1
717 18 87 1
718 18 87 1
719 18 87 1
720 18 87 1
721 18 87 1
722 18 87 1
723 18 87 1
724 18 87 1
725 18 87 1
726 18 87 1
727 18 87 1
728 18 87 1
729 18 87 1
730 18 87 1
731 18 87 1
732 18 87 1
733 56 48 1
734 56 48 1
735 56 48 1
736 56 48 1
737 56 48 1
738 56 48 1
739 56 48 1
740 56 48 1
741 56 48 1
742 56 48 1
743 56 48 1
744 75 163 1
745 75 163 1
746 75 163 1
747 75 163 1
748 75 163 1
749 75 163 1
750 75 163 1
751 41 112 1
752 41 112 1
753 41 112 1
754 41 112 1
755 41 112 1
756 41 112 1
757 41 112 1
758 41 112 1
759 41 112 1
760 41 112 1
761 41 112 1
762 41 112 1
763 123 36 1
764 123 36 1
765 123 36 1
766 123 36 1
767 123 36 1
768 123 36 1
769 123 36 1
770 123 36 1
771 123 36 1
772 123 36 1
773 123 36 1
774 123 36 1
775 123 36 1
776 123 36 1
777 123 36 1
778 123 36 1
779 123 36 1
780 123 36 1
781 123 36 1
782 123 36 1
783 123 36 1
784 123 36 1
785 111 3 1
786 111 3 1
787 111 3 1
788 111 3 1
789 111 3 1
790 111 3 1
791 111 3 1
792 149 5 1
793 149 5 1
794 149 5 1
795 149 5 1
796 149 5 1
797 149 5 1
798 149 5 1
799 149 5 1
800 149 5 1
801 149 5 1
802 149 5 1
803 149 5 1
804 149 5 1
805 149 5 1
806 149 5 1
807 149 5 1
808 149 5 1
809 149 5 1
810 149 5 1
811 149 5 1
812 90 167 1
813 90 167 1
814 90 167 1
815 90 167 1
816 90 167 1
817 90 167 1
818 90 167 1
819 90 167 1
820 90 167 1
821 90 167 1
822 90 167 1
823 90 167 1
824 90 167 1
825 90 167 1
826 90 167 1
827 90 167 1
828 90 167 1
829 90 167 1
830 90 167 1
831 147 15 1
832 147 15 1
833 147 15 1
834 147 15 1
835 147 15 1
836 147 15 1
837 147 15 1
838 147 15 1
839 147 15 1
840 147 15 1
841 147 15 1
842 147 15 1
843 147 15 1
844 147 15 1
845 147 15 1
846 147 15 1
847 147 15 1
848 147 15 1
849 147 15 1
850 147 15 1
851 54 43 2.5
852 54 43 2.5
853 54 43 2.5
854 54 43 2.5
855 54 43 2.5
856 54 43 2.5
857 54 43 2.5
858 54 43 2.5
859 54 43 2.5
860 22 45 1
861 22 45 1
862 22 45 1
863 22 45 1
864 22 45 1
865 22 45 1
866 22 45 1
867 22 45 1
868 22 45 1
869 22 45 1
870 22 45 1
871 22 45 1
872 22 45 1
873 22 45 1
874 22 45 1
875 22 45 1
876 22 45 1
877 140 58 1
878 140 58 1
879 140 58 1
880 140 58 1
881 140 58 1
882 140 58 1
883 140 58 1
884 140 58 1
885 140 58 1
886 140 58 1
887 140 58 1
888 140 58 1
889 140 58 1
890 140 58 1
891 140 58 1
892 140 58 1
893 140 58 1
894 140 58 1
895 140 58 1
896 140 58 1
897 140 58 1
898 140 58 1
899 63 30 2.5
900 63 30 2.5
901 63 30 2.5
902 63 30 2.5
903 63 30 2.5
904 155 60 1
905 155 60 1
906 155 60 1
907 155 60 1
908 155 60 1
909 155 60 1
910 155 60 1
911 155 60 1
912 172 150 10
913 172 150 10
914 172 150 10
915 172 150 10
916 172 150 10
917 172 150 10
918 172 150 10
919 172 150 10
920 133 53 1
921 133 53 1
922 133 53 1
923 133 53 1
924 133 53 1
925 133 53 1
926 133 53 1
927 133 53 1
928 133 53 1
929 69 161 1
930 69 161 1
931 69 161 1
932 69 161 1
933 69 161 1
934 69 161 1
935 69 161 1
936 69 161 1
937 69 161 1
938 69 161 1
939 69 161 1
940 69 161 1
941 69 161 1
942 69 161 1
943 69 161 1
944 69 161 1
945 114 5 2.5
946 114 5 2.5
947 114 5 2.5
948 114 5 2.5
949 114 5 2.5
950 114 5 2.5
951 114 5 2.5
952 76 63 2.5
953 76 63 2.5
954 76 63 2.5
955 76 63 2.5
956 76 63 2.5
957 76 63 2.5
958 76 63 2.5
959 76 63 2.5
960 90 55 1
961 90 55 1
962 90 55 1
963 90 55 1
964 90 55 1
965 90 55 1
966 90 55 1
967 90 55 1
968 90 55 1
969 90 55 1
970 90 55 1
971 90 55 1
972 90 55 1
973 90 55 1
974 90 55 1
975 90 55 1
976 90 55 1
977 90 55 1
978 90 55 1
979 90 55 1
980 90 55 1
981 22 66 1
982 22 66 1
983 22 66 1
984 22 66 1
985 22 66 1
986 22 66 1
987 22 66 1
988 22 66 1
989 22 66 1
990 22 66 1
991 22 66 1
992 22 66 1
993 22 66 1
994 22 66 1
995 146 116 1
996 146 116 1
997 146 116 1
998 146 116 1
999 146 116 1
1000 146 116 1
1001 146 116 1
1002 146 116 1
1003 146 116 1
1004 92 99 2.5
1005 92 99 2.5
1006 92 99 2.5
1007 92 99 2.5
1008 92 99 2.5
1009 92 99 2.5
1010 172 59 1
1011 172 59 1
1012 172 59 1
1013 172 59 1
1014 172 59 1
1015 172 59 1
1016 172 59 1
1017 172 59 1
1018 172 59 1
1019 172 59 1
1020 172 59 1
1021 172 59 1
1022 172 59 1
1023 172 59 1
1024 172 59 1
1025 172 59 1
1026 172 59 1
1027 172 59 1
1028 4 120 1
1029 4 120 1
1030 4 120 1
1031 4 120 1
1032 4 120 1
1033 4 120 1
1034 4 120 1
1035 23 146 1
1036 23 146 1
1037 23 146 1
1038 23 146 1
1039 23 146 1
1040 23 146 1
1041 23 146 1
1042 23 146 1
1043 21 22 1
1044 21 22 1
1045 21 22 1
1046 21 22 1
1047 21 22 1
1048 21 22 1
1049 21 22 1
1050 21 22 1
1051 21 22 1
1052 21 22 1
1053 6 118 1
1054 6 118 1
1055 6 118 1
1056 6 118 1
1057 6 118 1
1058 6 118 1
1059 6 118 1
1060 6 118 1
1061 6 118 1
1062 6 118 1
1063 33 132 2.5
1064 33 132 2.5
1065 33 132 2.5
1066 33 132 2.5
1067 33 132 2.5
1068 33 132 2.5
1069 33 132 2.5
1070 33 132 2.5
1071 33 132 2.5
1072 33 132 2.5
1073 33 132 2.5
1074 33 132 2.5
1075 149 170 1
1076 149 170 1
1077 149 170 1
1078 149 170 1
1079 149 170 1
1080 149 170 1
1081 149 170 1
1082 149 170 1
1083 149 170 1
1084 149 170 1
1085 149 170 1
1086 149 170 1
1087 149 170 1
1088 166 63 1
1089 166 63 1
1090 166 63 1
1091 166 63 1
1092 166 63 1
1093 166 63 1
1094 166 63 1
1095 166 63 1
1096 166 63 1
1097 166 63 1
1098 166 63 1
1099 166 63 1
1100 166 63 1
1101 166 63 1
1102 166 63 1
1103 166 63 1
1104 166 63 1
1105 166 63 1
1106 166 63 1
1107 166 63 1
1108 83 87 1
1109 83 87 1
1110 83 87 1
1111 83 87 1
1112 83 87 1
1113 83 87 1
1114 83 87 1
1115 83 87 1
1116 83 87 1
1117 83 87 1
1118 83 87 1
1119 83 87 1
1120 151 170 1
1121 151 170 1
1122 151 170 1
1123 151 170 1
1124 151 170 1
1125 151 170 1
1126 151 170 1
1127 151 170 1
1128 151 170 1
1129 151 170 1
1130 151 170 1
1131 151 170 1
1132 151 170 1
1133 151 170 1
1134 151 170 1
1135 71 80 10
1136 71 80 10
1137 105 108 10
1138 105 108 10
1139 105 108 10
1140 105 108 10
1141 105 108 10
1142 105 108 10
1143 18 48 2.5
1144 18 48 2.5
1145 18 48 2.5
1146 18 48 2.5
1147 18 48 2.5
1148 18 48 2.5
1149 18 48 2.5
1150 18 48 2.5
1151 18 48 2.5
1152 18 48 2.5
1153 87 114 1
1154 87 114 1
1155 87 114 1
1156 87 114 1
1157 87 114 1
1158 87 114 1
1159 87 114 1
1160 87 114 1
1161 87 114 1
1162 87 114 1
1163 87 114 1
1164 87 114 1
1165 87 114 1
1166 87 114 1
1167 87 114 1
1168 87 114 1
1169 87 114 1
1170 87 114 1
1171 87 114 1
1172 87 114 1
1173 87 114 1
1174 87 114 1
1175 115 149 1
1176 115 149 1
1177 115 149 1
1178 115 149 1
1179 115 149 1
1180 115 149 1
1181 115 149 1
1182 115 149 1
1183 115 149 1
1184 115 149 1
1185 59 53 1
1186 59 53 1
1187 59 53 1
1188 59 53 1
1189 59 53 1
1190 59 53 1
1191 59 53 1
1192 59 53 1
1193 59 53 1
1194 59 53 1
1195 59 53 1
1196 59 53 1
1197 59 53 1
1198 59 53 1
1199 59 53 1
1200 59 53 1
1201 59 53 1
1202 59 53 1
1203 59 53 1
1204 59 53 1
1205 71 2 10
1206 71 2 10
1207 71 2 10
1208 71 2 10
1209 71 2 10
1210 71 2 10
1211 71 2 10
1212 71 2 10
1213 71 2 10
1214 71 2 10
1215 55 136 1
1216 55 136 1
1217 55 136 1
1218 55 136 1
1219 55 136 1
1220 55 136 1
1221 55 136 1
1222 55 136 1
1223 55 136 1
1224 55 136 1
1225 55 136 1
1226 77 149 1
1227 77 149 1
1228 77 149 1
1229 77 149 1
1230 77 149 1
1231 124 96 1
1232 124 96 1
1233 124 96 1
1234 124 96 1
1235 124 96 1
1236 124 96 1
1237 124 96 1
1238 124 96 1
1239 124 96 1
1240 124 96 1
1241 124 96 1
1242 124 96 1
1243 124 96 1
1244 124 96 1
1245 140 118 1
1246 140 118 1
1247 140 118 1
1248 140 118 1
1249 140 118 1
1250 140 118 1
1251 140 118 1
1252 140 118 1
1253 167 20 1
1254 167 20 1
1255 167 20 1
1256 167 20 1
1257 167 20 1
1258 167 20 1
1259 3 164 1
1260 3 164 1
1261 3 164 1
1262 3 164 1
1263 3 164 1
1264 3 164 1
1265 3 164 1
1266 3 164 1
1267 3 164 1
1268 3 164 1
1269 3 164 1
1270 3 164 1
1271 3 164 1
1272 71 158 1
1273 71 158 1
1274 71 158 1
1275 71 158 1
1276 71 158 1
1277 71 158 1
1278 71 158 1
1279 71 158 1
1280 71 158 1
1281 71 158 1
1282 71 158 1
1283 71 158 1
1284 71 158 1
1285 71 158 1
1286 166 133 10
1287 166 133 10
1288 166 133 10
1289 166 133 10
1290 166 133 10
1291 166 133 10
1292 166 133 10
1293 166 133 10
1294 166 133 10
1295 58 79 1
1296 58 79 1
1297 58 79 1
1298 58 79 1
1299 58 79 1
1300 58 79 1
1301 58 79 1
1302 58 79 1
1303 58 79 1
1304 58 79 1
1305 58 79 1
1306 58 79 1
1307 58 79 1
1308 58 79 1
1309 58 79 1
1310 58 79 1
1311 58 79 1
1312 58 79 1
1313 58 79 1
1314 58 79 1
1315 58 79 1
1316 93 15 1
1317 93 15 1
1318 93 15 1
1319 93 15 1
1320 93 15 1
1321 93 15 1
1322 93 15 1
1323 93 15 1
1324 93 15 1
1325 93 15 1
1326 93 15 1
1327 93 15 1
1328 93 15 1
1329 93 15 1
1330 93 15 1
1331 93 15 1
1332 93 15 1
1333 15 95 10
1334 15 95 10
1335 15 95 10
1336 39 157 2.5
1337 39 157 2.5
1338 39 157 2.5
1339 39 157 2.5
1340 39 157 2.5
1341 39 157 2.5
1342 39 157 2.5
1343 39 157 2.5
1344 39 157 2.5
1345 39 157 2.5
1346 39 157 2.5
1347 39 157 2.5
1348 117 56 1
1349 117 56 1
1350 117 56 1
1351 117 56 1
1352 117 56 1
1353 117 56 1
1354 117 56 1
1355 117 56 1
1356 117 56 1
1357 117 56 1
1358 43 144 1
1359 43 144 1
1360 43 144 1
1361 43 144 1
1362 43 144 1
1363 43 144 1
1364 43 144 1
1365 43 144 1
1366 43 144 1
1367 43 144 1
1368 43 144 1
1369 43 144 1
1370 144 66 10
1371 144 66 10
1372 144 66 10
1373 144 66 10
1374 144 66 10
1375 144 66 10
1376 144 66 10
1377 144 66 10
1378 159 50 1
1379 159 50 1
1380 159 50 1
1381 159 50 1
1382 159 50 1
1383 159 50 1
1384 159 50 1
1385 159 50 1
1386 159 50 1
1387 159 50 1
1388 159 50 1
1389 159 50 1
1390 159 50 1
1391 159 50 1
1392 159 50 1
1393 159 50 1
1394 44 35 10
1395 44 35 10
1396 44 35 10
1397 44 35 10
1398 44 35 10
1399 44 35 10
1400 44 35 10
1401 28 112 2.5
1402 28 112 2.5
1403 28 112 2.5
1404 28 112 2.5
1405 28 112 2.5
1406 28 112 2.5
1407 28 112 2.5
1408 28 112 2.5
1409 28 112 2.5
1410 28 112 2.5
1411 56 17 10
1412 56 17 10
1413 56 17 10
1414 56 17 10
1415 56 17 10
1416 56 17 10
1417 56 17 10
1418 56 17 10
1419 56 17 10
1420 56 17 10
1421 54 72 10
1422 54 72 10
1423 54 72 10
1424 54 72 10
1425 112 15 1
1426 112 15 1
1427 112 15 1
1428 112 15 1
1429 112 15 1
1430 112 15 1
1431 112 15 1
1432 112 15 1
1433 112 15 1
1434 112 15 1
1435 112 15 1
1436 44 57 1
1437 44 57 1
1438 44 57 1
1439 44 57 1
1440 44 57 1
1441 44 57 1
1442 44 57 1
1443 44 57 1
1444 147 144 1
1445 147 144 1
1446 147 144 1
1447 147 144 1
1448 147 144 1
1449 147 144 1
1450 147 144 1
1451 21 55 1
1452 21 55 1
1453 21 55 1
1454 21 55 1
1455 21 55 1
1456 21 55 1
1457 21 55 1
1458 21 55 1
1459 21 55 1
1460 21 55 1
1461 21 55 1
1462 21 55 1
1463 37 70 1
1464 37 70 1
1465 37 70 1
1466 37 70 1
1467 37 70 1
1468 37 70 1
1469 37 70 1
1470 37 70 1
1471 37 70 1
1472 4 113 10
1473 4 113 10
1474 4 113 10
1475 4 113 10
1476 4 113 10
1477 4 113 10
1478 4 113 10
1479 4 113 10
1480 4 113 10
1481 4 113 10
1482 24 7 10
1483 97 17 1
1484 97 17 1
1485 97 17 1
1486 97 17 1
1487 97 17 1
1488 97 17 1
1489 97 17 1
1490 97 17 1
1491 97 17 1
1492 97 17 1
1493 97 17 1
1494 97 17 1
1495 111 70 1
1496 111 70 1
1497 111 70 1
1498 111 70 1
1499 111 70 1
1500 111 70 1
1501 111 70 1
1502 111 70 1
1503 111 70 1
1504 111 70 1
1505 111 70 1
1506 111 70 1
1507 70 93 1
1508 70 93 1
1509 70 93 1
1510 70 93 1
1511 70 93 1
1512 70 93 1
1513 70 93 1
1514 70 93 1
1515 70 93 1
1516 70 93 1
1517 70 93 1
1518 70 93 1
1519 70 93 1
1520 70 93 1
1521 70 93 1
1522 70 93 1
1523 70 93 1
1524 70 93 1
1525 26 50 10
1526 26 50 10
1527 26 50 10
1528 76 13 10
1529 76 13 10
1530 76 13 10
1531 76 13 10
1532 76 13 10
1533 76 13 10
1534 76 13 10
1535 76 13 10
1536 76 13 10
1537 142 46 1
1538 142 46 1
1539 142 46 1
1540 142 46 1
1541 142 46 1
1542 142 46 1
1543 142 46 1
1544 142 46 1
1545 142 46 1
1546 142 46 1
1547 142 46 1
1548 142 46 1
1549 142 46 1
1550 142 46 1
1551 142 46 1
1552 142 46 1
1553 142 46 1
1554 85 108 10
1555 85 108 10
1556 85 108 10
1557 85 108 10
1558 85 108 10
1559 85 108 10
1560 85 108 10
1561 85 108 10
1562 79 124 1
1563 79 124 1
1564 79 124 1
1565 79 124 1
1566 79 124 1
1567 79 124 1
1568 79 124 1
1569 79 124 1
1570 79 124 1
1571 79 124 1
1572 79 124 1
1573 79 124 1
1574 79 124 1
1575 79 124 1
1576 79 124 1
1577 79 124 1
1578 79 124 1
1579 79 124 1
1580 79 124 1
1581 79 124 1
1582 143 94 1
1583 143 94 1
1584 143 94 1
1585 143 94 1
1586 143 94 1
1587 143 94 1
1588 143 94 1
1589 143 94 1
1590 143 94 1
1591 143 94 1
1592 29 21 1
1593 29 21 1
1594 29 21 1
1595 29 21 1
1596 29 21 1
1597 29 21 1
1598 29 21 1
1599 29 21 1
1600 29 21 1
1601 29 21 1
1602 29 21 1
1603 29 21 1
1604 29 21 1
1605 29 21 1
1606 29 21 1
1607 29 21 1
1608 29 21 1
1609 29 21 1
1610 29 21 1
1611 29 21 1
1612 36 108 1
1613 36 108 1
1614 36 108 1
1615 36 108 1
1616 36 108 1
1617 36 108 1
1618 36 108 1
1619 36 108 1
1620 36 108 1
1621 36 108 1
1622 147 11 1
1623 147 11 1
1624 147 11 1
1625 147 11 1
1626 147 11 1
1627 54 123 10
1628 65 143 1
1629 65 143 1
1630 65 143 1
1631 65 143 1
1632 65 143 1
1633 65 143 1
1634 65 143 1
1635 65 143 1
1636 65 143 1
1637 65 143 1
1638 65 143 1
1639 98 171 1
1640 98 171 1
1641 98 171 1
1642 98 171 1
1643 98 171 1
1644 98 171 1
1645 98 171 1
1646 98 171 1
1647 98 171 1
1648 98 171 1
1649 98 171 1
1650 98 171 1
1651 98 171 1
1652 98 171 1
1653 98 171 1
1654 98 171 1
1655 50 65 1
1656 50 65 1
1657 50 65 1
1658 50 65 1
1659 50 65 1
1660 50 65 1
1661 50 65 1
1662 50 65 1
1663 50 65 1
1664 50 65 1
1665 50 65 1
1666 50 65 1
1667 50 65 1
1668 50 65 1
1669 50 65 1
1670 50 65 1
1671 16 162 1
1672 16 162 1
1673 16 162 1
1674 16 162 1
1675 16 162 1
1676 18 85 2.5
1677 18 85 2.5
1678 18 85 2.5
1679 40 24 2.5
1680 40 24 2.5
1681 40 24 2.5
1682 40 24 2.5
1683 91 102 1
1684 91 102 1
1685 91 102 1
1686 91 102 1
1687 91 102 1
1688 91 102 1
1689 91 102 1
1690 91 102 1
1691 91 102 1
1692 91 102 1
1693 91 102 1
1694 91 102 1
1695 91 102 1
1696 91 102 1
1697 91 102 1
1698 91 102 1
1699 91 102 1
1700 91 102 1
1701 91 102 1
1702 14 170 1
1703 14 170 1
1704 14 170 1
1705 14 170 1
1706 14 170 1
1707 14 170 1
1708 14 170 1
1709 14 170 1
1710 14 170 1
1711 14 170 1
1712 14 170 1
1713 14 170 1
1714 14 170 1
1715 14 170 1
1716 14 170 1
1717 14 170 1
1718 14 170 1
1719 14 170 1
1720 14 170 1
1721 14 170 1
1722 10 106 1
1723 10 106 1
1724 10 106 1
1725 10 106 1
1726 10 106 1
1727 10 106 1
1728 10 106 1
1729 10 106 1
1730 144 121 1
1731 144 121 1
1732 144 121 1
1733 144 121 1
1734 144 121 1
1735 144 121 1
1736 144 121 1
1737 144 121 1
1738 144 121 1
1739 144 121 1
1740 144 121 1
1741 144 121 1
1742 144 121 1
1743 144 121 1
1744 144 121 1
1745 110 63 10
1746 110 63 10
1747 110 63 10
1748 110 63 10
1749 110 63 10
1750 110 63 10
1751 110 63 10
1752 110 63 10
1753 103 144 2.5
1754 103 144 2.5
1755 3 84 10
1756 3 84 10
1757 137 21 2.5
1758 137 21 2.5
1759 63 39 1
1760 63 39 1
1761 63 39 1
1762 63 39 1
1763 63 39 1
1764 63 39 1
1765 63 39 1
1766 63 39 1
1767 63 39 1
1768 63 39 1
1769 63 39 1
1770 97 33 10
1771 97 33 10
1772 159 19 2.5
1773 159 19 2.5
1774 159 19 2.5
1775 159 19 2.5
1776 159 19 2.5
1777 159 19 2.5
1778 159 19 2.5
1779 159 19 2.5
1780 159 19 2.5
1781 159 19 2.5
1782 159 19 2.5
1783 159 19 2.5
1784 126 31 1
1785 126 31 1
1786 126 31 1
1787 126 31 1
1788 126 31 1
1789 126 31 1
1790 126 31 1
1791 126 31 1
1792 126 31 1
1793 126 31 1
1794 126 31 1
1795 126 31 1
1796 126 31 1
1797 126 31 1
1798 126 31 1
1799 126 31 1
1800 126 31 1
1801 126 31 1
1802 126 31 1
1803 138 82 1
1804 138 82 1
1805 138 82 1
1806 138 82 1
1807 138 82 1
1808 138 82 1
1809 138 82 1
1810 138 82 1
1811 138 82 1
1812 138 82 1
1813 138 82 1
1814 138 82 1
1815 138 82 1
1816 138 82 1
1817 138 82 1
1818 138 82 1
1819 138 82 1
1820 39 95 2.5
1821 39 95 2.5
1822 39 95 2.5
1823 39 95 2.5
1824 39 95 2.5
1825 39 95 2.5
1826 127 8 1
1827 127 8 1
1828 127 8 1
1829 127 8 1
1830 127 8 1
1831 127 8 1
1832 89 11 10
1833 89 11 10
1834 89 11 10
1835 89 11 10
1836 89 11 10
1837 89 11 10
1838 13 128 10
1839 13 128 10
1840 13 128 10
1841 13 128 10
1842 13 128 10
1843 13 128 10
1844 13 128 10
1845 13 128 10
1846 13 128 10
1847 85 115 2.5
1848 85 115 2.5
1849 85 115 2.5
1850 85 115 2.5
1851 85 115 2.5
1852 85 115 2.5
1853 85 115 2.5
1854 85 115 2.5
1855 85 115 2.5
1856 85 115 2.5
1857 90 42 1
1858 90 42 1
1859 90 42 1
1860 90 42 1
1861 90 42 1
1862 17 109 1
1863 17 109 1
1864 17 109 1
1865 17 109 1
1866 17 109 1
1867 17 109 1
1868 17 109 1
1869 17 109 1
1870 17 109 1
1871 17 109 1
1872 17 109 1
1873 17 109 1
1874 17 109 1
1875 65 49 10
1876 65 49 10
1877 65 49 10
1878 65 49 10
1879 121 145 10
1880 121 145 10
1881 121 145 10
1882 121 145 10
1883 121 145 10
1884 121 145 10
1885 121 145 10
1886 121 145 10
1887 1 150 10
1888 1 150 10
1889 1 150 10
1890 1 150 10
1891 1 150 10
1892 1 150 10
1893 1 150 10
1894 1 150 10
1895 1 150 10
1896 5 127 1
1897 5 127 1
1898 5 127 1
1899 5 127 1
1900 5 127 1
1901 5 127 1
1902 5 127 1
1903 5 127 1
1904 5 127 1
1905 5 127 1
1906 5 127 1
1907 21 167 10
1908 156 8 1
1909 156 8 1
1910 156 8 1
1911 156 8 1
1912 156 8 1
1913 156 8 1
1914 156 8 1
1915 156 8 1
1916 156 8 1
1917 156 8 1
1918 156 8 1
1919 156 8 1
1920 156 8 1
1921 156 8 1
1922 156 8 1
1923 156 8 1
1924 156 8 1
1925 156 8 1
1926 156 8 1
1927 156 8 1
1928 161 28 1
1929 161 28 1
1930 161 28 1
1931 161 28 1
1932 161 28 1
1933 161 28 1
1934 161 28 1
1935 161 28 1
1936 161 28 1
1937 161 28 1
1938 161 28 1
1939 161 28 1
1940 161 28 1
1941 161 28 1
1942 109 47 10
1943 109 47 10
1944 109 47 10
1945 109 47 10
1946 109 47 10
1947 109 47 10
1948 109 47 10
1949 109 47 10
1950 109 47 10
1951 90 45 1
1952 90 45 1
1953 90 45 1
1954 90 45 1
1955 90 45 1
1956 90 45 1
1957 90 45 1
1958 90 45 1
1959 90 45 1
1960 90 45 1
1961 90 45 1
1962 90 45 1
1963 90 45 1
1964 90 45 1
1965 90 45 1
1966 90 45 1
1967 90 45 1
1968 90 45 1
1969 90 45 1
1970 90 45 1
1971 90 45 1
1972 90 45 1
1973 109 165 10
1974 109 165 10
1975 109 165 10
1976 109 165 10
1977 109 165 10
1978 109 165 10
1979 109 165 10
1980 109 165 10
1981 109 165 10
1982 146 121 2.5
1983 146 121 2.5
1984 146 121 2.5
1985 146 121 2.5
1986 45 101 1
1987 45 101 1
1988 45 101 1
1989 45 101 1
1990 45 101 1
1991 45 101 1
1992 45 101 1
1993 45 101 1
1994 74 85 1
1995 74 85 1
1996 74 85 1
1997 74 85 1
1998 74 85 1
1999 74 85 1
2000 74 85 1
2001 74 85 1
2002 74 85 1
2003 74 85 1
2004 74 85 1
2005 74 85 1
2006 74 85 1
2007 74 85 1
2008 74 85 1
2009 74 85 1
2010 74 85 1
2011 74 85 1
2012 74 85 1
2013 74 85 1
2014 74 85 1
2015 73 93 1
2016 73 93 1
2017 73 93 1
2018 73 93 1
2019 73 93 1
2020 73 93 1
2021 73 93 1
2022 73 93 1
2023 73 93 1
2024 73 93 1
2025 73 93 1
2026 73 93 1
2027 73 93 1
2028 163 129 10
2029 163 129 10
2030 163 129 10
2031 163 129 10
2032 163 129 10
2033 163 129 10
2034 144 76 1
2035 144 76 1
2036 144 76 1
2037 144 76 1
2038 144 76 1
2039 144 76 1
2040 144 76 1
2041 144 76 1
2042 144 76 1
2043 53 3 2.5
2044 119 89 1
2045 119 89 1
2046 119 89 1
2047 119 89 1
2048 119 89 1
2049 119 89 1
2050 119 89 1
2051 119 89 1
2052 119 89 1
2053 119 89 1
2054 119 89 1
2055 119 89 1
2056 119 89 1
2057 119 89 1
2058 119 89 1
2059 119 89 1
2060 119 89 1
2061 119 89 1
2062 119 89 1
2063 119 89 1
2064 119 89 1
2065 2 171 10
2066 2 171 10
2067 2 171 10
2068 2 171 10
2069 2 171 10
2070 2 171 10
2071 2 171 10
2072 2 171 10
2073 2 171 10
2074 90 77 1
2075 90 77 1
2076 90 77 1
2077 90 77 1
2078 90 77 1
2079 90 77 1
2080 90 77 1
2081 90 77 1
2082 90 77 1
2083 90 77 1
2084 90 77 1
2085 90 77 1
2086 90 77 1
2087 90 77 1
2088 90 77 1
2089 90 77 1
2090 90 77 1
2091 90 77 1
2092 90 77 1
2093 61 35 100
2094 61 35 100
2095 28 171 10
2096 28 171 10
2097 28 171 10
2098 28 171 10
2099 28 171 10
2100 28 171 10
2101 28 171 10
2102 28 171 10
2103 72 122 1
2104 72 122 1
2105 72 122 1
2106 72 122 1
2107 72 122 1
2108 173 131 2.5
2109 173 131 2.5
2110 173 131 2.5
2111 173 131 2.5
2112 173 131 2.5
2113 173 131 2.5
2114 173 131 2.5
2115 173 131 2.5
2116 173 131 2.5
2117 173 131 2.5
2118 173 131 2.5
2119 173 131 2.5
2120 121 155 10
2121 121 155 10
2122 121 155 10
2123 121 155 10
2124 121 155 10
2125 154 87 1
2126 154 87 1
2127 154 87 1
2128 154 87 1
2129 154 87 1
2130 154 87 1
2131 154 87 1
2132 154 87 1
2133 154 87 1
2134 154 87 1
2135 154 87 1
2136 154 87 1
2137 154 87 1
2138 154 87 1
2139 134 31 1
2140 134 31 1
2141 134 31 1
2142 134 31 1
2143 134 31 1
2144 134 31 1
2145 134 31 1
2146 134 31 1
2147 134 31 1
2148 134 31 1
2149 134 31 1
2150 134 31 1
2151 139 21 1
2152 139 21 1
2153 139 21 1
2154 139 21 1
2155 139 21 1
2156 139 21 1
2157 36 105 2.5
2158 36 105 2.5
2159 36 105 2.5
2160 19 24 1
2161 19 24 1
2162 19 24 1
2163 19 24 1
2164 19 24 1
2165 19 24 1
2166 19 24 1
2167 86 162 1
2168 86 162 1
2169 86 162 1
2170 86 162 1
2171 86 162 1
2172 153 97 1
2173 153 97 1
2174 153 97 1
2175 153 97 1
2176 153 97 1
2177 153 97 1
2178 153 97 1
2179 153 97 1
2180 153 97 1
2181 153 97 1
2182 153 97 1
2183 153 97 1
2184 153 97 1
2185 153 97 1
2186 139 76 1
2187 139 76 1
2188 139 76 1
2189 139 76 1
2190 139 76 1
2191 139 76 1
2192 43 59 2.5
2193 43 59 2.5
2194 43 59 2.5
2195 43 59 2.5
2196 43 59 2.5
2197 165 2 10
2198 53 119 10
2199 53 119 10
2200 53 119 10
2201 53 119 10
2202 125 60 1
2203 125 60 1
2204 125 60 1
2205 125 60 1
2206 125 60 1
2207 42 136 1
2208 42 136 1
2209 42 136 1
2210 42 136 1
2211 42 136 1
2212 42 136 1
2213 42 136 1
2214 42 136 1
2215 42 136 1
2216 42 136 1
2217 42 136 1
2218 42 136 1
2219 118 172 10
2220 118 172 10
2221 118 172 10
2222 118 172 10
2223 118 172 10
2224 118 172 10
2225 118 172 10
2226 118 172 10
2227 118 172 10
2228 118 172 10
2229 172 82 1
2230 172 82 1
2231 172 82 1
2232 172 82 1
2233 172 82 1
2234 172 82 1
2235 172 82 1
2236 22 139 10
2237 22 139 10
2238 22 139 10
2239 22 139 10
2240 22 139 10
2241 22 139 10
2242 22 139 10
2243 22 139 10
2244 22 139 10
2245 22 139 10
2246 31 19 2.5
2247 31 19 2.5
2248 31 19 2.5
2249 31 19 2.5
2250 31 19 2.5
2251 31 19 2.5
2252 3 140 10
2253 3 140 10
2254 171 145 1
2255 171 145 1
2256 171 145 1
2257 171 145 1
2258 171 145 1
2259 171 145 1
2260 171 145 1
2261 171 145 1
2262 171 145 1
2263 171 145 1
2264 171 145 1
2265 171 145 1
2266 171 145 1
2267 171 145 1
2268 171 145 1
2269 171 145 1
2270 171 145 1
2271 171 145 1
2272 171 145 1
2273 171 145 1
2274 171 145 1
2275 171 145 1
2276 124 129 1
2277 124 129 1
2278 124 129 1
2279 124 129 1
2280 124 129 1
2281 124 129 1
2282 124 129 1
2283 68 77 100
2284 68 77 100
2285 68 77 100
2286 122 46 1
2287 122 46 1
2288 122 46 1
2289 122 46 1
2290 122 46 1
2291 122 46 1
2292 122 46 1
2293 122 46 1
2294 122 46 1
2295 122 46 1
2296 122 46 1
2297 122 46 1
2298 122 46 1
2299 122 46 1
2300 122 46 1
2301 122 46 1
2302 59 131 1
2303 59 131 1
2304 59 131 1
2305 59 131 1
2306 59 131 1
2307 59 131 1
2308 59 131 1
2309 59 131 1
2310 59 131 1
2311 59 131 1
2312 59 131 1
2313 59 131 1
2314 59 131 1
2315 59 131 1
2316 59 131 1
2317 59 131 1
2318 59 131 1
2319 17 7 100
2320 17 7 100
2321 17 7 100
2322 34 74 10
2323 34 74 10
2324 34 74 10
2325 76 153 1
2326 76 153 1
2327 76 153 1
2328 76 153 1
2329 76 153 1
2330 76 153 1
2331 76 153 1
2332 170 77 1
2333 170 77 1
2334 170 77 1
2335 170 77 1
2336 170 77 1
2337 170 77 1
2338 170 77 1
2339 170 77 1
2340 170 77 1
2341 170 77 1
2342 170 77 1
2343 170 77 1
2344 170 77 1
2345 170 77 1
2346 170 77 1
2347 170 77 1
2348 170 77 1
2349 170 77 1
2350 170 77 1
2351 28 87 10
2352 28 87 10
2353 28 87 10
2354 28 87 10
2355 28 87 10
2356 28 87 10
2357 82 99 1
2358 82 99 1
2359 82 99 1
2360 82 99 1
2361 82 99 1
2362 82 99 1
2363 82 99 1
2364 134 38 100
2365 134 38 100
2366 134 38 100
2367 17 144 1
2368 17 144 1
2369 17 144 1
2370 17 144 1
2371 17 144 1
2372 17 144 1
2373 17 144 1
2374 17 144 1
2375 134 24 1
2376 134 24 1
2377 134 24 1
2378 134 24 1
2379 134 24 1
2380 134 24 1
2381 71 132 10
2382 71 132 10
2383 71 132 10
2384 71 132 10
2385 71 132 10
2386 71 132 10
2387 71 132 10
2388 71 132 10
2389 71 132 10
2390 9 172 10
2391 9 172 10
2392 9 172 10
2393 167 107 10
2394 167 107 10
2395 167 107 10
2396 167 107 10
2397 167 107 10
2398 167 107 10
2399 111 109 1
2400 111 109 1
2401 111 109 1
2402 111 109 1
2403 111 109 1
2404 140 41 10
2405 140 41 10
2406 140 41 10
2407 140 41 10
2408 140 41 10
2409 165 5 1
2410 165 5 1
2411 165 5 1
2412 165 5 1
2413 165 5 1
2414 165 5 1
2415 165 5 1
2416 165 5 1
2417 165 5 1
2418 165 5 1
2419 165 5 1
2420 165 5 1
2421 165 5 1
2422 165 5 1
2423 100 7 2.5
2424 100 7 2.5
2425 100 7 2.5
2426 16 3 1
2427 16 3 1
2428 16 3 1
2429 16 3 1
2430 16 3 1
2431 16 3 1
2432 16 3 1
2433 16 3 1
2434 16 3 1
2435 16 3 1
2436 16 3 1
2437 16 3 1
2438 16 3 1
2439 16 3 1
2440 16 3 1
2441 16 3 1
2442 56 34 2.5
2443 56 34 2.5
2444 56 34 2.5
2445 56 34 2.5
2446 56 34 2.5
2447 56 34 2.5
2448 56 34 2.5
2449 53 106 10
2450 47 65 2.5
2451 47 65 2.5
2452 47 65 2.5
2453 97 172 1
2454 97 172 1
2455 97 172 1
2456 97 172 1
2457 97 172 1
2458 97 172 1
2459 97 172 1
2460 97 172 1
2461 97 172 1
2462 97 172 1
2463 97 172 1
2464 97 172 1
2465 97 172 1
2466 97 172 1
2467 97 172 1
2468 7 70 10
2469 7 70 10
2470 7 70 10
2471 7 70 10
2472 7 70 10
2473 7 70 10
2474 7 70 10
2475 7 70 10
2476 7 70 10
2477 7 70 10
2478 60 141 10
2479 60 141 10
2480 60 141 10
2481 147 129 40
2482 147 129 40
2483 147 129 40
2484 96 65 1
2485 96 65 1
2486 96 65 1
2487 96 65 1
2488 96 65 1
2489 80 27 2.5
2490 80 27 2.5
2491 85 65 1
2492 85 65 1
2493 85 65 1
2494 85 65 1
2495 85 65 1
2496 85 65 1
2497 85 65 1
2498 85 65 1
2499 85 65 1
2500 112 89 2.5
2501 112 89 2.5
2502 112 89 2.5
2503 112 89 2.5
2504 104 153 1
2505 104 153 1
2506 104 153 1
2507 104 153 1
2508 104 153 1
2509 104 153 1
2510 104 153 1
2511 104 153 1
2512 104 153 1
2513 104 153 1
2514 104 153 1
2515 104 153 1
2516 104 153 1
2517 104 153 1
2518 104 153 1
2519 104 153 1
2520 136 13 1
2521 136 13 1
2522 136 13 1
2523 136 13 1
2524 136 13 1
2525 136 13 1
2526 136 13 1
2527 136 13 1
2528 136 13 1
2529 136 13 1
2530 136 13 1
2531 136 13 1
2532 136 13 1
2533 136 13 1
2534 136 13 1
2535 136 13 1
2536 136 13 1
2537 136 13 1
2538 136 13 1
2539 136 13 1
2540 135 113 1
2541 135 113 1
2542 135 113 1
2543 135 113 1
2544 135 113 1
2545 135 113 1
2546 135 113 1
2547 135 113 1
2548 135 113 1
2549 135 113 1
2550 135 113 1
2551 135 113 1
2552 135 113 1
2553 113 22 1
2554 113 22 1
2555 113 22 1
2556 113 22 1
2557 113 22 1
2558 113 22 1
2559 113 22 1
2560 113 22 1
2561 113 22 1
2562 113 22 1
2563 113 22 1
2564 113 22 1
2565 113 22 1
2566 113 22 1
2567 113 22 1
2568 113 22 1
2569 113 22 1
2570 113 22 1
2571 113 22 1
2572 113 22 1
2573 113 22 1
2574 41 124 1
2575 41 124 1
2576 41 124 1
2577 41 124 1
2578 41 124 1
2579 41 124 1
2580 41 124 1
2581 41 124 1
2582 41 124 1
2583 41 124 1
2584 41 124 1
2585 41 124 1
2586 41 124 1
2587 41 124 1
2588 41 124 1
2589 41 124 1
2590 41 124 1
2591 41 124 1
2592 41 124 1
2593 41 124 1
2594 95 104 10
2595 95 104 10
2596 95 104 10
2597 95 104 10
2598 38 169 1
2599 38 169 1
2600 38 169 1
2601 38 169 1
2602 38 169 1
2603 38 169 1
2604 38 169 1
2605 38 169 1
2606 38 169 1
2607 38 169 1
2608 38 169 1
2609 38 169 1
2610 38 169 1
2611 38 169 1
2612 38 169 1
2613 38 169 1
2614 17 146 10
2615 17 146 10
2616 17 146 10
2617 17 146 10
2618 17 146 10
2619 172 157 10
2620 172 157 10
2621 172 157 10
2622 68 161 1
2623 68 161 1
2624 68 161 1
2625 68 161 1
2626 68 161 1
2627 68 161 1
2628 68 161 1
2629 68 161 1
2630 68 161 1
2631 68 161 1
2632 68 161 1
2633 68 161 1
2634 68 161 1
2635 68 161 1
2636 68 161 1
2637 68 161 1
2638 68 161 1
2639 68 161 1
2640 102 35 10
2641 102 35 10
2642 102 35 10
2643 56 7 10
2644 56 7 10
2645 56 7 10
2646 56 7 10
2647 56 7 10
2648 56 7 10
2649 56 7 10
2650 56 7 10
2651 87 138 10
2652 87 138 10
2653 87 138 10
2654 87 138 10
2655 87 138 10
2656 87 138 10
2657 87 138 10
2658 87 138 10
2659 87 138 10
2660 87 138 10
2661 94 63 100
2662 94 63 100
2663 97 42 2.5
2664 97 42 2.5
2665 97 42 2.5
2666 97 42 2.5
2667 97 42 2.5
2668 97 42 2.5
2669 97 42 2.5
2670 97 42 2.5
2671 97 42 2.5
2672 97 42 2.5
2673 97 42 2.5
2674 17 134 10
2675 17 134 10
2676 17 134 10
2677 17 134 10
2678 17 134 10
2679 17 134 10
2680 17 134 10
2681 126 124 2.5
2682 126 124 2.5
2683 126 124 2.5
2684 126 124 2.5
2685 126 124 2.5
2686 126 124 2.5
2687 126 124 2.5
2688 126 124 2.5
2689 126 124 2.5
2690 126 124 2.5
2691 126 124 2.5
2692 126 124 2.5
2693 160 145 10
2694 160 145 10
2695 160 145 10
2696 160 145 10
2697 160 145 10
2698 160 145 10
2699 160 145 10
2700 160 145 10
2701 95 135 10
2702 95 135 10
2703 95 135 10
2704 95 135 10
2705 95 135 10
2706 95 135 10
2707 95 135 10
2708 95 135 10
2709 95 135 10
2710 95 135 10
2711 13 7 10
2712 100 66 10
2713 100 66 10
2714 100 66 10
2715 100 66 10
2716 100 66 10
2717 114 140 10
2718 114 140 10
2719 131 43 1
2720 131 43 1
2721 131 43 1
2722 131 43 1
2723 131 43 1
2724 131 43 1
2725 131 43 1
2726 131 43 1
2727 131 43 1
2728 131 43 1
2729 131 43 1
2730 131 43 1
2731 128 37 10
2732 128 37 10
2733 128 37 10
2734 128 37 10
2735 149 2 1
2736 149 2 1
2737 149 2 1
2738 149 2 1
2739 149 2 1
2740 149 2 1
2741 171 166 10
2742 171 166 10
2743 171 166 10
2744 171 166 10
2745 171 166 10
2746 174 132 1
2747 174 132 1
2748 174 132 1
2749 174 132 1
2750 174 132 1
2751 174 132 1
2752 174 132 1
2753 174 132 1
2754 174 132 1
2755 174 132 1
2756 174 132 1
2757 174 132 1
2758 174 132 1
2759 174 132 1
2760 148 106 1
2761 148 106 1
2762 148 106 1
2763 148 106 1
2764 148 106 1
2765 148 106 1
2766 148 106 1
2767 27 148 2.5
2768 27 148 2.5
2769 27 148 2.5
2770 27 148 2.5
2771 160 70 1
2772 160 70 1
2773 160 70 1
2774 160 70 1
2775 160 70 1
2776 160 70 1
2777 160 70 1
2778 160 70 1
2779 160 70 1
2780 160 70 1
2781 160 70 1
2782 160 70 1
2783 160 70 1
2784 160 70 1
2785 160 70 1
2786 160 70 1
2787 160 70 1
2788 160 70 1
2789 160 70 1
2790 98 148 1
2791 98 148 1
2792 98 148 1
2793 98 148 1
2794 98 148 1
2795 98 148 1
2796 98 148 1
2797 98 148 1
2798 98 148 1
2799 98 148 1
2800 98 148 1
2801 98 148 1
2802 98 148 1
2803 165 27 10
2804 165 27 10
2805 165 27 10
2806 165 27 10
2807 165 27 10
2808 140 115 1
2809 140 115 1
2810 140 115 1
2811 140 115 1
2812 140 115 1
2813 140 115 1
2814 140 115 1
2815 140 115 1
2816 140 115 1
2817 140 115 1
2818 140 115 1
2819 140 115 1
2820 140 115 1
2821 140 115 1
2822 140 115 1
2823 140 115 1
2824 140 115 1
2825 140 115 1
2826 140 115 1
2827 140 115 1
2828 140 115 1
2829 140 115 1
2830 51 42 1
2831 51 42 1
2832 51 42 1
2833 51 42 1
2834 51 42 1
2835 51 42 1
2836 164 110 2.5
2837 164 110 2.5
2838 164 110 2.5
2839 164 110 2.5
2840 164 110 2.5
2841 164 110 2.5
2842 164 110 2.5
2843 164 110 2.5
2844 78 83 1
2845 78 83 1
2846 78 83 1
2847 78 83 1
2848 78 83 1
2849 78 83 1
2850 78 83 1
2851 78 83 1
2852 78 83 1
2853 117 116 1
2854 117 116 1
2855 117 116 1
2856 117 116 1
2857 117 116 1
2858 117 116 1
2859 117 116 1
2860 117 116 1
2861 117 116 1
2862 117 116 1
2863 117 116 1
2864 117 116 1
2865 117 116 1
2866 168 34 10
2867 168 34 10
2868 168 34 10
2869 168 34 10
2870 168 34 10
2871 168 34 10
2872 133 90 10
2873 133 90 10
2874 133 90 10
2875 133 90 10
2876 133 90 10
2877 133 90 10
2878 1 53 1
2879 1 53 1
2880 1 53 1
2881 1 53 1
2882 1 53 1
2883 1 53 1
2884 1 53 1
2885 1 53 1
2886 1 53 1
2887 1 53 1
2888 1 53 1
2889 1 53 1
2890 1 53 1
2891 1 53 1
2892 1 53 1
2893 1 53 1
2894 1 53 1
2895 1 53 1
2896 1 53 1
2897 1 53 1
2898 144 120 1
2899 144 120 1
2900 144 120 1
2901 144 120 1
2902 144 120 1
2903 144 120 1
2904 144 120 1
2905 144 120 1
2906 144 120 1
2907 144 120 1
2908 144 120 1
2909 144 120 1
2910 144 120 1
2911 144 120 1
2912 144 120 1
2913 144 120 1
2914 144 120 1
2915 144 120 1
2916 144 120 1
2917 144 120 1
2918 144 120 1
2919 39 158 1
2920 39 158 1
2921 39 158 1
2922 39 158 1
2923 39 158 1
2924 39 158 1
2925 39 158 1
2926 39 158 1
2927 39 158 1
2928 39 158 1
2929 39 158 1
2930 39 158 1
2931 39 158 1
2932 39 158 1
2933 39 158 1
2934 50 18 1
2935 50 18 1
2936 50 18 1
2937 50 18 1
2938 50 18 1
2939 50 18 1
2940 50 18 1
2941 50 18 1
2942 50 18 1
2943 118 25 1
2944 118 25 1
2945 118 25 1
2946 118 25 1
2947 118 25 1
2948 11 160 1
2949 11 160 1
2950 11 160 1
2951 11 160 1
2952 11 160 1
2953 11 160 1
2954 11 160 1
2955 11 160 1
2956 166 44 10
2957 166 44 10
2958 144 127 10
2959 144 127 10
2960 144 127 10
2961 144 127 10
2962 144 127 10
2963 144 127 10
2964 144 127 10
2965 144 127 10
2966 144 127 10
2967 144 127 10
2968 129 161 2.5
2969 129 161 2.5
2970 129 161 2.5
2971 129 161 2.5
2972 129 161 2.5
2973 129 161 2.5
2974 129 161 2.5
2975 129 161 2.5
2976 129 161 2.5
2977 129 161 2.5
2978 129 161 2.5
2979 97 173 100
2980 68 80 2.5
2981 68 80 2.5
2982 68 80 2.5
2983 68 80 2.5
2984 68 80 2.5
2985 167 107 2.5
2986 135 161 10
2987 95 93 1
2988 95 93 1
2989 95 93 1
2990 95 93 1
2991 95 93 1
2992 95 93 1
2993 95 93 1
2994 95 93 1
2995 95 93 1
2996 95 93 1
2997 95 93 1
2998 95 93 1
2999 95 93 1
3000 95 93 1
3001 95 93 1
3002 95 93 1
3003 95 93 1
3004 42 43 2.5
3005 42 43 2.5
3006 39 9 1
3007 39 9 1
3008 39 9 1
3009 39 9 1
3010 39 9 1
3011 39 9 1
3012 39 9 1
3013 39 9 1
3014 39 9 1
3015 39 9 1
3016 39 9 1
3017 39 9 1
3018 39 9 1
3019 39 9 1
3020 39 9 1
3021 39 9 1
3022 161 122 10
3023 161 122 10
3024 161 122 10
3025 161 122 10
3026 161 122 10
3027 161 122 10
3028 161 122 10
3029 161 122 10
3030 120 40 10
3031 120 40 10
3032 120 40 10
3033 120 40 10
3034 112 10 1
3035 112 10 1
3036 112 10 1
3037 112 10 1
3038 112 10 1
3039 112 10 1
3040 112 10 1
3041 112 10 1
3042 112 10 1
3043 112 10 1
3044 112 10 1
3045 112 10 1
3046 112 10 1
3047 112 10 1
3048 112 10 1
3049 112 10 1
3050 112 10 1
3051 112 10 1
3052 34 165 2.5
3053 34 165 2.5
3054 34 165 2.5
3055 34 165 2.5
3056 34 165 2.5
3057 34 165 2.5
3058 34 165 2.5
3059 34 165 2.5
3060 121 63 2.5
3061 121 63 2.5
3062 121 63 2.5
3063 121 63 2.5
3064 121 63 2.5
3065 51 87 1
3066 51 87 1
3067 51 87 1
3068 51 87 1
3069 51 87 1
3070 51 87 1
3071 51 87 1
3072 51 87 1
3073 51 87 1
3074 51 87 1
3075 51 87 1
3076 51 87 1
3077 51 87 1
3078 51 87 1
3079 51 87 1
3080 51 87 1
3081 51 87 1
3082 51 87 1
3083 51 87 1
3084 51 87 1
3085 51 87 1
3086 51 87 1
3087 130 81 1
3088 130 81 1
3089 130 81 1
3090 130 81 1
3091 130 81 1
3092 130 81 1
3093 130 81 1
3094 93 166 1
3095 93 166 1
3096 93 166 1
3097 93 166 1
3098 93 166 1
3099 93 166 1
3100 93 166 1
3101 93 166 1
3102 93 166 1
3103 93 166 1
3104 93 166 1
3105 93 166 1
3106 93 166 1
3107 93 166 1
3108 93 166 1
3109 93 166 1
3110 93 166 1
3111 93 166 1
3112 93 166 1
3113 93 166 1
3114 93 166 1
3115 28 60 1
3116 28 60 1
3117 28 60 1
3118 28 60 1
3119 28 60 1
3120 28 60 1
3121 28 60 1
3122 28 60 1
3123 28 60 1
3124 28 60 1
3125 28 60 1
3126 28 60 1
3127 28 60 1
3128 28 60 1
3129 28 60 1
3130 28 60 1
3131 28 60 1
3132 28 60 1
3133 28 60 1
3134 28 60 1
3135 12 31 1
3136 12 31 1
3137 12 31 1
3138 12 31 1
3139 12 31 1
3140 12 31 1
3141 12 31 1
3142 12 31 1
3143 12 31 1
3144 12 31 1
3145 154 84 1
3146 154 84 1
3147 154 84 1
3148 154 84 1
3149 154 84 1
3150 154 84 1
3151 154 84 1
3152 154 84 1
3153 154 84 1
3154 154 84 1
3155 154 84 1
3156 154 84 1
3157 154 84 1
3158 154 84 1
3159 154 84 1
3160 154 84 1
3161 154 84 1
3162 154 84 1
3163 154 84 1
3164 154 84 1
3165 120 47 1
3166 120 47 1
3167 120 47 1
3168 120 47 1
3169 120 47 1
3170 120 47 1
3171 120 47 1
3172 120 47 1
3173 120 47 1
3174 120 47 1
3175 120 47 1
3176 120 47 1
3177 120 47 1
3178 120 47 1
3179 120 47 1
3180 135 52 1
3181 135 52 1
3182 135 52 1
3183 135 52 1
3184 135 52 1
3185 135 52 1
3186 135 52 1
3187 135 52 1
3188 135 52 1
3189 135 52 1
3190 135 52 1
3191 135 52 1
3192 117 112 10
3193 117 112 10
3194 52 3 1
3195 52 3 1
3196 52 3 1
3197 52 3 1
3198 52 3 1
3199 52 3 1
3200 52 3 1
3201 137 45 1
3202 137 45 1
3203 137 45 1
3204 137 45 1
3205 137 45 1
3206 14 105 100
3207 134 89 2.5
3208 134 89 2.5
3209 134 89 2.5
3210 134 89 2.5
3211 134 89 2.5
3212 134 89 2.5
3213 134 89 2.5
3214 134 89 2.5
3215 134 89 2.5
3216 134 89 2.5
3217 108 3 2.5
3218 108 3 2.5
3219 108 3 2.5
3220 108 3 2.5
3221 108 3 2.5
3222 108 3 2.5
3223 108 3 2.5
3224 108 3 2.5
3225 108 3 2.5
3226 106 107 10
3227 106 107 10
3228 106 107 10
3229 106 107 10
3230 106 107 10
3231 106 107 10
3232 106 107 10
3233 106 107 10
3234 106 107 10
3235 159 130 10
3236 159 130 10
3237 159 130 10
3238 159 130 10
3239 159 130 10
3240 159 130 10
3241 159 130 10
3242 159 130 10
3243 159 130 10
3244 12 27 1
3245 12 27 1
3246 12 27 1
3247 12 27 1
3248 12 27 1
3249 12 27 1
3250 12 27 1
3251 12 27 1
3252 12 27 1
3253 12 27 1
3254 12 27 1
3255 12 27 1
3256 12 27 1
3257 12 27 1
3258 12 27 1
3259 12 27 1
3260 12 27 1
3261 12 27 1
3262 12 27 1
3263 12 27 1
3264 12 27 1
3265 12 27 1
3266 169 143 1
3267 169 143 1
3268 169 143 1
3269 169 143 1
3270 169 143 1
3271 169 143 1
3272 169 143 1
3273 169 143 1
3274 169 143 1
3275 169 143 1
3276 169 143 1
3277 169 143 1
3278 169 143 1
3279 169 143 1
3280 169 143 1
3281 169 143 1
3282 169 143 1
3283 169 143 1
3284 158 155 10
3285 158 155 10
3286 158 155 10
3287 158 155 10
3288 158 155 10
3289 163 141 1
3290 163 141 1
3291 163 141 1
3292 163 141 1
3293 163 141 1
3294 163 141 1
3295 163 141 1
3296 163 141 1
3297 163 141 1
3298 163 141 1
3299 163 141 1
3300 163 141 1
3301 163 141 1
3302 49 136 10
3303 49 136 10
3304 49 136 10
3305 49 136 10
3306 49 136 10
3307 49 136 10
3308 139 134 1
3309 139 134 1
3310 139 134 1
3311 139 134 1
3312 139 134 1
3313 138 32 2.5
3314 138 32 2.5
3315 138 32 2.5
3316 138 32 2.5
3317 138 32 2.5
3318 138 32 2.5
3319 138 32 2.5
3320 138 32 2.5
3321 138 32 2.5
3322 138 32 2.5
3323 16 155 10
3324 16 155 10
3325 16 155 10
3326 16 155 10
3327 16 155 10
3328 16 155 10
3329 16 155 10
3330 26 23 10
3331 26 23 10
3332 26 23 10
3333 26 23 10
3334 26 23 10
3335 26 23 10
3336 160 68 10
3337 160 68 10
3338 160 68 10
3339 160 68 10
3340 77 163 2.5
3341 77 163 2.5
3342 77 163 2.5
3343 77 163 2.5
3344 77 163 2.5
3345 77 163 2.5
3346 77 163 2.5
3347 77 163 2.5
3348 77 163 2.5
3349 156 164 10
3350 156 164 10
3351 156 164 10
3352 156 164 10
3353 156 164 10
3354 39 45 1
3355 39 45 1
3356 39 45 1
3357 39 45 1
3358 39 45 1
3359 169 122 1
3360 169 122 1
3361 169 122 1
3362 169 122 1
3363 169 122 1
3364 169 122 1
3365 169 122 1
3366 169 122 1
3367 169 122 1
3368 169 122 1
3369 169 122 1
3370 169 122 1
3371 169 122 1
3372 169 122 1
3373 169 122 1
3374 169 122 1
3375 169 122 1
3376 169 122 1
3377 169 122 1
3378 169 122 1
3379 89 14 1
3380 89 14 1
3381 89 14 1
3382 89 14 1
3383 89 14 1
3384 89 14 1
3385 89 14 1
3386 89 14 1
3387 89 14 1
3388 89 14 1
3389 89 14 1
3390 89 14 1
3391 89 14 1
3392 89 14 1
3393 89 14 1
3394 89 14 1
3395 76 5 1
3396 76 5 1
3397 76 5 1
3398 76 5 1
3399 76 5 1
3400 76 5 1
3401 76 5 1
3402 76 5 1
3403 76 5 1
3404 76 5 1
3405 76 5 1
3406 76 5 1
3407 76 5 1
3408 76 5 1
3409 76 5 1
3410 76 5 1
3411 76 5 1
3412 76 5 1
3413 76 5 1
3414 76 5 1
3415 74 40 2.5
3416 74 40 2.5
3417 74 40 2.5
3418 74 40 2.5
3419 4 136 1
3420 4 136 1
3421 4 136 1
3422 4 136 1
3423 4 136 1
3424 4 136 1
3425 4 136 1
3426 4 136 1
3427 4 136 1
3428 4 136 1
3429 4 136 1
3430 4 136 1
3431 174 110 2.5
3432 174 110 2.5
3433 174 110 2.5
3434 174 110 2.5
3435 174 110 2.5
3436 174 110 2.5
3437 174 110 2.5
3438 174 110 2.5
3439 174 110 2.5
3440 47 108 2.5
3441 47 108 2.5
3442 47 108 2.5
3443 47 108 2.5
3444 47 108 2.5
3445 47 108 2.5
3446 47 108 2.5
3447 47 108 2.5
3448 47 108 2.5
3449 67 103 1
3450 67 103 1
3451 67 103 1
3452 67 103 1
3453 67 103 1
3454 67 103 1
3455 67 103 1
3456 67 103 1
3457 67 103 1
3458 67 103 1
3459 67 103 1
3460 25 88 100
3461 25 88 100
3462 140 117 1
3463 140 117 1
3464 140 117 1
3465 140 117 1
3466 140 117 1
3467 140 117 1
3468 140 117 1
3469 140 117 1
3470 140 117 1
3471 140 117 1
3472 140 117 1
3473 140 117 1
3474 140 117 1
3475 140 117 1
3476 140 117 1
3477 140 117 1
3478 140 117 1
3479 140 117 1
3480 140 117 1
3481 140 117 1
3482 140 117 1
3483 140 117 1
3484 38 61 1
3485 38 61 1
3486 38 61 1
3487 38 61 1
3488 38 61 1
3489 38 61 1
3490 38 61 1
3491 38 61 1
3492 38 61 1
3493 38 61 1
3494 38 61 1
3495 38 61 1
3496 38 61 1
3497 38 61 1
3498 38 61 1
3499 38 61 1
3500 38 61 1
3501 38 61 1
3502 38 61 1
3503 38 61 1
3504 38 61 1
3505 122 47 100
3506 54 28 2.5
3507 54 28 2.5
3508 54 28 2.5
3509 54 28 2.5
3510 54 28 2.5
3511 54 28 2.5
3512 54 28 2.5
3513 54 28 2.5
3514 54 28 2.5
3515 54 28 2.5
3516 54 28 2.5
3517 54 28 2.5
3518 90 7 10
3519 90 7 10
3520 90 7 10
3521 90 7 10
3522 90 7 10
3523 136 109 10
3524 136 109 10
3525 136 109 10
3526 136 109 10
3527 136 109 10
3528 136 109 10
3529 136 109 10
3530 144 46 1
3531 144 46 1
3532 144 46 1
3533 144 46 1
3534 144 46 1
3535 144 46 1
3536 48 152 1
3537 48 152 1
3538 48 152 1
3539 48 152 1
3540 48 152 1
3541 48 152 1
3542 48 152 1
3543 48 152 1
3544 48 152 1
3545 48 152 1
3546 48 152 1
3547 48 152 1
3548 48 152 1
3549 48 152 1
3550 48 152 1
3551 48 152 1
3552 48 152 1
3553 48 152 1
3554 48 152 1
3555 101 35 1
3556 101 35 1
3557 101 35 1
3558 101 35 1
3559 101 35 1
3560 101 35 1
3561 101 35 1
3562 101 35 1
3563 101 35 1
3564 101 35 1
3565 101 35 1
3566 101 35 1
3567 101 35 1
3568 101 35 1
3569 101 35 1
3570 101 35 1
3571 101 35 1
3572 101 35 1
3573 123 93 1
3574 123 93 1
3575 123 93 1
3576 123 93 1
3577 123 93 1
3578 123 93 1
3579 123 93 1
3580 123 93 1
3581 123 93 1
3582 123 93 1
3583 123 93 1
3584 123 93 1
3585 123 93 1
3586 41 44 1
3587 41 44 1
3588 41 44 1
3589 41 44 1
3590 41 44 1
3591 41 44 1
3592 41 44 1
3593 41 44 1
3594 41 44 1
3595 41 44 1
3596 41 44 1
3597 41 44 1
3598 41 44 1
3599 41 44 1
3600 41 44 1
3601 41 44 1
3602 41 44 1
3603 52 103 40
3604 49 112 1
3605 49 112 1
3606 49 112 1
3607 49 112 1
3608 49 112 1
3609 49 112 1
3610 49 112 1
3611 9 97 1
3612 9 97 1
3613 9 97 1
3614 9 97 1
3615 9 97 1
3616 9 97 1
3617 9 97 1
3618 9 97 1
3619 9 97 1
3620 62 39 2.5
3621 62 39 2.5
3622 62 39 2.5
3623 62 39 2.5
3624 62 39 2.5
3625 62 39 2.5
3626 62 39 2.5
3627 62 39 2.5
3628 62 39 2.5
3629 62 39 2.5
3630 62 39 2.5
3631 62 39 2.5
3632 147 26 1
3633 147 26 1
3634 147 26 1
3635 147 26 1
3636 147 26 1
3637 147 26 1
3638 147 26 1
3639 147 26 1
3640 147 26 1
3641 147 26 1
3642 147 26 1
3643 147 26 1
3644 147 26 1
3645 147 26 1
3646 147 26 1
3647 147 26 1
3648 147 26 1
3649 147 26 1
3650 67 148 1
3651 67 148 1
3652 67 148 1
3653 67 148 1
3654 67 148 1
3655 67 148 1
3656 67 148 1
3657 67 148 1
3658 67 148 1
3659 67 148 1
3660 67 148 1
3661 67 148 1
3662 68 99 1
3663 68 99 1
3664 68 99 1
3665 68 99 1
3666 68 99 1
3667 68 99 1
3668 68 99 1
3669 68 99 1
3670 68 99 1
3671 68 99 1
3672 68 99 1
3673 68 99 1
3674 68 99 1
3675 68 99 1
3676 68 99 1
3677 68 99 1
3678 68 99 1
3679 68 99 1
3680 68 99 1
3681 68 99 1
3682 169 122 100
3683 169 122 100
3684 169 122 100
3685 169 122 100
3686 82 32 10
3687 82 32 10
3688 82 32 10
3689 82 32 10
3690 82 32 10
3691 82 32 10
3692 82 32 10
3693 82 32 10
3694 11 90 2.5
3695 11 90 2.5
3696 11 90 2.5
3697 11 90 2.5
3698 11 90 2.5
3699 11 90 2.5
3700 11 90 2.5
3701 11 90 2.5
3702 11 90 2.5
3703 11 90 2.5
3704 158 44 2.5
3705 24 17 10
3706 24 17 10
3707 24 17 10
3708 24 17 10
3709 24 17 10
3710 116 141 1
3711 116 141 1
3712 116 141 1
3713 116 141 1
3714 116 141 1
3715 116 141 1
3716 116 141 1
3717 116 141 1
3718 116 141 1
3719 116 141 1
3720 116 141 1
3721 116 141 1
3722 116 141 1
3723 116 141 1
3724 116 141 1
3725 116 141 1
3726 114 45 1
3727 114 45 1
3728 114 45 1
3729 114 45 1
3730 114 45 1
3731 114 45 1
3732 114 45 1
3733 114 45 1
3734 114 45 1
3735 114 45 1
3736 114 45 1
3737 114 45 1
3738 46 100 1
3739 46 100 1
3740 46 100 1
3741 46 100 1
3742 46 100 1
3743 46 100 1
3744 46 100 1
3745 46 100 1
3746 46 100 1
3747 46 100 1
3748 46 100 1
3749 46 100 1
3750 46 100 1
3751 46 100 1
3752 46 100 1
3753 137 174 2.5
3754 137 174 2.5
3755 137 174 2.5
3756 137 174 2.5
3757 137 174 2.5
3758 137 174 2.5
3759 137 174 2.5
3760 137 174 2.5
3761 137 174 2.5
3762 137 174 2.5
3763 137 174 2.5
3764 137 174 2.5
3765 16 11 10
3766 16 11 10
3767 16 11 10
3768 16 11 10
3769 16 11 10
3770 16 11 10
3771 104 150 1
3772 104 150 1
3773 104 150 1
3774 104 150 1
3775 104 150 1
3776 104 150 1
3777 104 150 1
3778 104 150 1
3779 104 150 1
3780 104 150 1
3781 104 150 1
3782 46 20 1
3783 46 20 1
3784 46 20 1
3785 46 20 1
3786 46 20 1
3787 17 119 10
3788 17 119 10
3789 17 119 10
3790 17 119 10
3791 17 119 10
3792 79 131 1
3793 79 131 1
3794 79 131 1
3795 79 131 1
3796 79 131 1
3797 79 131 1
3798 79 131 1
3799 79 131 1
3800 79 131 1
3801 79 131 1
3802 79 131 1
3803 79 131 1
3804 79 131 1
3805 79 131 1
3806 79 131 1
3807 79 131 1
3808 79 131 1
3809 49 170 10
3810 49 170 10
3811 49 170 10
3812 49 170 10
3813 49 170 10
3814 49 170 10
3815 49 170 10
3816 49 170 10
3817 49 170 10
3818 49 170 10
3819 11 43 1
3820 11 43 1
3821 11 43 1
3822 11 43 1
3823 11 43 1
3824 11 43 1
3825 11 43 1
3826 11 43 1
3827 11 43 1
3828 11 43 1
3829 11 43 1
3830 11 43 1
3831 11 43 1
3832 11 43 1
3833 87 49 10
3834 78 120 10
3835 143 63 10
3836 143 63 10
3837 143 63 10
3838 143 63 10
3839 143 63 10
3840 143 63 10
3841 63 46 10
3842 63 46 10
3843 63 46 10
3844 63 46 10
3845 63 46 10
3846 63 46 10
3847 63 46 10
3848 63 46 10
3849 63 46 10
3850 47 77 1
3851 47 77 1
3852 47 77 1
3853 47 77 1
3854 47 77 1
3855 47 77 1
3856 47 77 1
3857 48 124 10
3858 48 124 10
3859 131 85 10
3860 131 85 10
3861 131 85 10
3862 131 85 10
3863 131 85 10
3864 131 85 10
3865 131 85 10
3866 131 85 10
3867 131 85 10
3868 131 85 10
3869 21 140 1
3870 21 140 1
3871 21 140 1
3872 21 140 1
3873 21 140 1
3874 21 140 1
3875 21 140 1
3876 21 140 1
3877 21 140 1
3878 21 140 1
3879 21 140 1
3880 21 140 1
3881 21 140 1
3882 21 140 1
3883 21 140 1
3884 165 25 10
3885 165 25 10
3886 165 25 10
3887 165 25 10
3888 165 25 10
3889 165 25 10
3890 165 25 10
3891 165 25 10
3892 165 25 10
3893 165 25 10
3894 136 159 10
3895 136 159 10
3896 31 137 1
3897 31 137 1
3898 31 137 1
3899 31 137 1
3900 31 137 1
3901 31 137 1
3902 31 137 1
3903 31 137 1
3904 31 137 1
3905 31 137 1
3906 31 137 1
3907 31 137 1
3908 31 137 1
3909 31 137 1
3910 31 137 1
3911 31 137 1
3912 31 137 1
3913 31 137 1
3914 103 122 1
3915 103 122 1
3916 103 122 1
3917 103 122 1
3918 103 122 1
3919 103 122 1
3920 103 122 1
3921 103 122 1
3922 103 122 1
3923 103 122 1
3924 103 122 1
3925 103 122 1
3926 103 122 1
3927 103 122 1
3928 103 122 1
3929 103 122 1
3930 103 122 1
3931 103 122 1
3932 103 122 1
3933 103 122 1
3934 103 122 1
3935 108 91 10
3936 108 91 10
3937 108 91 10
3938 108 91 10
3939 108 91 10
3940 108 91 10
3941 108 91 10
3942 108 91 10
3943 63 73 2.5
3944 63 73 2.5
3945 63 73 2.5
3946 63 73 2.5
3947 63 73 2.5
3948 74 40 10
3949 74 40 10
3950 74 40 10
3951 74 40 10
3952 74 40 10
3953 74 40 10
3954 74 40 10
3955 74 40 10
3956 74 40 10
3957 103 154 2.5
3958 103 154 2.5
3959 103 154 2.5
3960 103 154 2.5
3961 103 154 2.5
3962 35 136 1
3963 35 136 1
3964 35 136 1
3965 35 136 1
3966 35 136 1
3967 35 136 1
3968 35 136 1
3969 36 57 1
3970 36 57 1
3971 36 57 1
3972 36 57 1
3973 36 57 1
3974 36 57 1
3975 36 57 1
3976 36 57 1
3977 36 57 1
3978 36 57 1
3979 36 57 1
3980 36 57 1
3981 36 57 1
3982 97 61 10
3983 97 61 10
3984 97 61 10
3985 97 61 10
3986 97 61 10
3987 97 61 10
3988 97 61 10
3989 82 80 1
3990 82 80 1
3991 82 80 1
3992 82 80 1
3993 82 80 1
3994 82 80 1
3995 82 80 1
3996 82 80 1
3997 82 80 1
3998 82 80 1
3999 82 80 1
4000 155 16 10
4001 155 16 10
4002 155 16 10
4003 155 16 10
4004 155 16 10
4005 155 16 10
4006 155 16 10
4007 155 16 10
4008 48 61 1
4009 48 61 1
4010 48 61 1
4011 48 61 1
4012 48 61 1
4013 48 61 1
4014 14 118 2.5
4015 14 118 2.5
4016 14 118 2.5
4017 14 118 2.5
4018 14 118 2.5
4019 14 118 2.5
4020 24 41 10
4021 41 165 1
4022 41 165 1
4023 41 165 1
4024 41 165 1
4025 41 165 1
4026 41 165 1
4027 41 165 1
4028 41 165 1
4029 41 165 1
4030 41 165 1
4031 41 165 1
4032 146 109 1
4033 146 109 1
4034 146 109 1
4035 146 109 1
4036 146 109 1
4037 146 109 1
4038 146 109 1
4039 146 109 1
4040 146 109 1
4041 146 109 1
4042 131 69 10
4043 131 69 10
4044 131 69 10
4045 131 69 10
4046 131 69 10
4047 131 69 10
4048 160 58 1
4049 160 58 1
4050 160 58 1
4051 160 58 1
4052 160 58 1
4053 160 58 1
4054 160 58 1
4055 160 58 1
4056 160 58 1
4057 160 58 1
4058 160 58 1
4059 160 58 1
4060 160 58 1
4061 160 58 1
4062 160 58 1
4063 160 58 1
4064 160 58 1
4065 160 58 1
4066 160 58 1
4067 160 58 1
4068 160 58 1
4069 73 148 1
4070 73 148 1
4071 73 148 1
4072 73 148 1
4073 73 148 1
4074 73 148 1
4075 73 148 1
4076 73 148 1
4077 73 148 1
4078 73 148 1
4079 73 148 1
4080 73 148 1
4081 30 125 1
4082 30 125 1
4083 30 125 1
4084 30 125 1
4085 30 125 1
4086 30 125 1
4087 30 125 1
4088 30 125 1
4089 149 78 2.5
4090 149 78 2.5
4091 149 78 2.5
4092 149 78 2.5
4093 149 78 2.5
4094 149 78 2.5
4095 149 78 2.5
4096 149 78 2.5
4097 149 78 2.5
4098 149 78 2.5
4099 18 43 1
4100 18 43 1
4101 18 43 1
4102 18 43 1
4103 18 43 1
4104 18 43 1
4105 18 43 1
4106 18 43 1
4107 18 43 1
4108 18 43 1
4109 18 43 1
4110 18 43 1
4111 18 43 1
4112 18 43 1
4113 18 43 1
4114 18 43 1
4115 118 164 2.5
4116 118 164 2.5
4117 118 164 2.5
4118 118 164 2.5
4119 118 164 2.5
4120 118 164 2.5
4121 118 164 2.5
4122 118 164 2.5
4123 118 164 2.5
4124 118 164 2.5
4125 32 23 100
4126 125 116 1
4127 125 116 1
4128 125 116 1
4129 125 116 1
4130 125 116 1
4131 125 116 1
4132 101 48 2.5
4133 101 48 2.5
4134 100 82 1
4135 100 82 1
4136 100 82 1
4137 100 82 1
4138 100 82 1
4139 100 82 1
4140 100 82 1
4141 100 82 1
4142 100 82 1
4143 100 82 1
4144 100 82 1
4145 100 82 1
4146 100 82 1
4147 100 82 1
4148 100 82 1
4149 100 82 1
4150 100 82 1
4151 100 82 1
4152 100 82 1
4153 66 86 10
4154 66 86 10
4155 66 86 10
4156 66 86 10
4157 66 86 10
4158 66 86 10
4159 66 86 10
4160 66 86 10
4161 66 86 10
4162 170 18 10
4163 170 18 10
4164 170 18 10
4165 54 2 1
4166 54 2 1
4167 54 2 1
4168 54 2 1
4169 54 2 1
4170 54 2 1
4171 54 2 1
4172 54 2 1
4173 54 2 1
4174 54 2 1
4175 54 2 1
4176 54 2 1
4177 54 2 1
4178 54 2 1
4179 54 2 1
4180 54 2 1
4181 54 2 1
4182 54 2 1
4183 54 2 1
4184 54 2 1
4185 54 2 1
4186 54 2 1
4187 6 97 10
4188 6 97 10
4189 6 97 10
4190 6 97 10
4191 6 97 10
4192 6 97 10
4193 6 97 10
4194 6 97 10
4195 6 97 10
4196 6 97 10
4197 79 111 10
4198 142 59 10
4199 142 59 10
4200 142 59 10
4201 142 59 10
4202 142 59 10
4203 142 59 10
4204 142 59 10
4205 142 59 10
4206 11 152 2.5
4207 11 152 2.5
4208 11 152 2.5
4209 11 152 2.5
4210 11 152 2.5
4211 11 152 2.5
4212 11 152 2.5
4213 8 14 1
4214 8 14 1
4215 8 14 1
4216 8 14 1
4217 8 14 1
4218 8 14 1
4219 8 14 1
4220 8 14 1
4221 8 14 1
4222 8 14 1
4223 8 14 1
4224 8 14 1
4225 8 14 1
4226 8 14 1
4227 8 14 1
4228 8 14 1
4229 8 14 1
4230 8 14 1
4231 8 14 1
4232 8 14 1
4233 8 14 1
4234 8 14 1
4235 75 169 1
4236 75 169 1
4237 75 169 1
4238 75 169 1
4239 75 169 1
4240 75 169 1
4241 75 169 1
4242 75 169 1
4243 75 169 1
4244 75 169 1
4245 75 169 1
4246 75 169 1
4247 75 169 1
4248 75 169 1
4249 75 169 1
4250 75 169 1
4251 75 169 1
4252 75 169 1
4253 139 142 1
4254 139 142 1
4255 139 142 1
4256 139 142 1
4257 139 142 1
4258 139 142 1
4259 139 142 1
4260 139 142 1
4261 139 142 1
4262 139 142 1
4263 139 142 1
4264 139 142 1
4265 139 142 1
4266 139 142 1
4267 139 142 1
4268 139 142 1
4269 139 142 1
4270 139 142 1
4271 125 113 2.5
4272 125 113 2.5
4273 125 113 2.5
4274 125 113 2.5
4275 125 113 2.5
4276 125 113 2.5
4277 125 113 2.5
4278 125 113 2.5
4279 125 113 2.5
4280 125 113 2.5
4281 125 113 2.5
4282 101 124 10
4283 101 124 10
4284 101 124 10
4285 101 124 10
4286 101 124 10
4287 101 124 10
4288 101 124 10
4289 38 9 10
4290 38 9 10
4291 38 9 10
4292 38 9 10
4293 74 37 1
4294 74 37 1
4295 74 37 1
4296 74 37 1
4297 74 37 1
4298 74 37 1
4299 74 37 1
4300 74 37 1
4301 74 37 1
4302 74 37 1
4303 74 37 1
4304 74 37 1
4305 74 37 1
4306 74 37 1
4307 74 37 1
4308 74 37 1
4309 74 37 1
4310 139 16 1
4311 139 16 1
4312 139 16 1
4313 139 16 1
4314 139 16 1
4315 36 156 10
4316 36 156 10
4317 36 156 10
4318 36 156 10
4319 36 156 10
4320 36 156 10
4321 36 156 10
4322 34 52 10
4323 126 124 2.5
4324 126 124 2.5
4325 126 124 2.5
4326 126 124 2.5
4327 126 124 2.5
4328 126 124 2.5
4329 126 124 2.5
4330 126 124 2.5
4331 126 124 2.5
4332 153 7 2.5
4333 153 7 2.5
4334 153 7 2.5
4335 157 114 1
4336 157 114 1
4337 157 114 1
4338 157 114 1
4339 157 114 1
4340 157 114 1
4341 157 114 1
4342 157 114 1
4343 157 114 1
4344 157 114 1
4345 157 114 1
4346 157 114 1
4347 157 114 1
4348 157 114 1
4349 157 114 1
4350 20 170 2.5
4351 20 170 2.5
4352 20 170 2.5
4353 20 170 2.5
4354 20 170 2.5
4355 20 170 2.5
4356 20 170 2.5
4357 20 170 2.5
4358 20 170 2.5
4359 20 170 2.5
4360 127 44 1
4361 127 44 1
4362 127 44 1
4363 127 44 1
4364 127 44 1
4365 127 44 1
4366 127 44 1
4367 127 44 1
4368 127 44 1
4369 127 44 1
4370 127 44 1
4371 127 44 1
4372 127 44 1
4373 127 44 1
4374 127 44 1
4375 14 85 10
4376 14 85 10
4377 14 85 10
4378 14 85 10
4379 121 36 1
4380 121 36 1
4381 121 36 1
4382 121 36 1
4383 121 36 1
4384 121 36 1
4385 121 36 1
4386 121 36 1
4387 121 36 1
4388 121 36 1
4389 121 36 1
4390 121 36 1
4391 121 36 1
4392 121 36 1
4393 121 36 1
4394 121 36 1
4395 121 36 1
4396 121 36 1
4397 121 36 1
4398 121 36 1
4399 52 146 1
4400 52 146 1
4401 52 146 1
4402 52 146 1
4403 52 146 1
4404 52 146 1
4405 52 146 1
4406 52 146 1
4407 137 81 1
4408 137 81 1
4409 137 81 1
4410 137 81 1
4411 137 81 1
4412 137 81 1
4413 137 81 1
4414 137 81 1
4415 137 81 1
4416 137 81 1
4417 137 81 1
4418 20 53 10
4419 20 53 10
4420 20 53 10
4421 20 53 10
4422 20 53 10
4423 20 53 10
4424 20 53 10
4425 20 53 10
4426 20 53 10
4427 20 53 10
4428 6 21 10
4429 6 21 10
4430 6 21 10
4431 69 67 2.5
4432 69 67 2.5
4433 69 67 2.5
4434 136 80 2.5
4435 136 80 2.5
4436 136 80 2.5
4437 136 80 2.5
4438 136 80 2.5
4439 106 144 1
4440 106 144 1
4441 106 144 1
4442 106 144 1
4443 106 144 1
4444 106 144 1
4445 106 144 1
4446 106 144 1
4447 106 144 1
4448 106 144 1
4449 106 144 1
4450 106 144 1
4451 106 144 1
4452 106 144 1
4453 111 53 1
4454 111 53 1
4455 111 53 1
4456 111 53 1
4457 111 53 1
4458 111 53 1
4459 111 53 1
4460 111 53 1
4461 111 53 1
4462 111 53 1
4463 111 53 1
4464 111 53 1
4465 111 53 1
4466 111 53 1
4467 111 53 1
4468 111 53 1
4469 111 53 1
4470 111 53 1
4471 43 108 1
4472 43 108 1
4473 43 108 1
4474 43 108 1
4475 43 108 1
4476 43 108 1
4477 43 108 1
4478 43 108 1
4479 43 108 1
4480 43 108 1
4481 43 108 1
4482 43 108 1
4483 43 108 1
4484 43 108 1
4485 43 108 1
4486 43 108 1
4487 43 108 1
4488 43 108 1
4489 43 108 1
4490 43 108 1
4491 43 108 1
4492 59 16 1
4493 59 16 1
4494 59 16 1
4495 59 16 1
4496 59 16 1
4497 59 16 1
4498 59 16 1
4499 59 16 1
4500 59 16 1
4501 59 16 1
4502 59 16 1
4503 59 16 1
4504 59 16 1
4505 59 16 1
4506 59 16 1
4507 59 16 1
4508 59 16 1
4509 59 16 1
4510 57 121 2.5
4511 57 121 2.5
4512 57 121 2.5
4513 57 121 2.5
4514 57 121 2.5
4515 19 101 40
4516 23 155 10
4517 23 155 10
4518 23 155 10
4519 23 155 10
4520 23 155 10
4521 23 155 10
4522 170 52 10
4523 170 52 10
4524 170 52 10
4525 170 52 10
4526 170 52 10
4527 170 52 10
4528 170 52 10
4529 170 52 10
4530 170 52 10
4531 170 52 10
4532 127 94 10
4533 127 94 10
4534 127 94 10
4535 12 83 2.5
4536 12 83 2.5
4537 12 83 2.5
4538 12 83 2.5
4539 12 83 2.5
4540 12 83 2.5
4541 12 83 2.5
4542 12 83 2.5
4543 12 83 2.5
4544 12 83 2.5
4545 89 99 1
4546 89 99 1
4547 89 99 1
4548 89 99 1
4549 89 99 1
4550 67 146 1
4551 67 146 1
4552 67 146 1
4553 67 146 1
4554 67 146 1
4555 67 146 1
4556 67 146 1
4557 67 146 1
4558 67 146 1
4559 67 146 1
4560 67 146 1
4561 67 146 1
4562 67 146 1
4563 67 146 1
4564 67 146 1
4565 67 146 1
4566 67 146 1
4567 67 146 1
4568 6 89 1
4569 6 89 1
4570 6 89 1
4571 6 89 1
4572 6 89 1
4573 6 89 1
4574 6 89 1
4575 6 89 1
4576 6 89 1
4577 6 89 1
4578 6 89 1
4579 1 165 1
4580 1 165 1
4581 1 165 1
4582 1 165 1
4583 1 165 1
4584 1 165 1
4585 1 165 1
4586 1 165 1
4587 1 165 1
4588 1 165 1
4589 1 165 1
4590 1 165 1
4591 1 165 1
4592 1 165 1
4593 1 165 1
4594 1 165 1
4595 1 165 1
4596 1 165 1
4597 1 165 1
4598 1 165 1
4599 114 127 10
4600 114 127 10
4601 114 127 10
4602 114 127 10
4603 114 127 10
4604 114 127 10
4605 114 127 10
4606 114 127 10
4607 114 127 10
4608 114 127 10
4609 45 158 10
4610 45 158 10
4611 45 158 10
4612 45 158 10
4613 45 158 10
4614 45 158 10
4615 99 86 2.5
4616 99 86 2.5
4617 99 86 2.5
4618 99 86 2.5
4619 99 31 1
4620 99 31 1
4621 99 31 1
4622 99 31 1
4623 99 31 1
4624 99 31 1
4625 99 31 1
4626 99 31 1
4627 99 31 1
4628 99 31 1
4629 124 20 1
4630 124 20 1
4631 124 20 1
4632 124 20 1
4633 124 20 1
4634 124 20 1
4635 124 20 1
4636 124 20 1
4637 124 20 1
4638 124 20 1
4639 124 20 1
4640 124 20 1
4641 124 20 1
4642 124 20 1
4643 124 20 1
4644 124 20 1
4645 124 20 1
4646 124 20 1
4647 124 20 1
4648 124 20 1
4649 124 20 1
4650 124 20 1
4651 126 41 1
4652 126 41 1
4653 126 41 1
4654 126 41 1
4655 126 41 1
4656 126 41 1
4657 126 41 1
4658 126 41 1
4659 126 41 1
4660 126 41 1
4661 126 41 1
4662 126 41 1
4663 126 41 1
4664 126 41 1
4665 126 41 1
4666 126 41 1
4667 126 41 1
4668 126 41 1
4669 126 41 1
4670 56 139 10
4671 56 139 10
4672 56 139 10
4673 52 150 10
4674 22 14 1
4675 22 14 1
4676 22 14 1
4677 22 14 1
4678 22 14 1
4679 22 14 1
4680 22 14 1
4681 22 14 1
4682 22 14 1
4683 22 14 1
4684 22 14 1
4685 22 14 1
4686 22 14 1
4687 22 14 1
4688 22 14 1
4689 22 14 1
4690 22 14 1
4691 22 14 1
4692 22 14 1
4693 22 14 1
4694 22 14 1
4695 22 14 1
4696 12 104 1
4697 12 104 1
4698 12 104 1
4699 12 104 1
4700 12 104 1
4701 12 104 1
4702 12 104 1
4703 12 104 1
4704 12 104 1
4705 12 104 1
4706 12 104 1
4707 12 104 1
4708 12 104 1
4709 12 104 1
4710 12 104 1
4711 12 104 1
4712 18 162 1
4713 18 162 1
4714 18 162 1
4715 18 162 1
4716 18 162 1
4717 18 162 1
4718 18 162 1
4719 18 162 1
4720 18 162 1
4721 18 162 1
4722 18 162 1
4723 18 162 1
4724 18 162 1
4725 18 162 1
4726 18 162 1
4727 18 162 1
4728 18 162 1
4729 18 162 1
4730 18 162 1
4731 18 162 1
4732 168 4 1
4733 168 4 1
4734 168 4 1
4735 168 4 1
4736 168 4 1
4737 168 4 1
4738 168 4 1
4739 168 4 1
4740 168 4 1
4741 168 4 1
4742 168 4 1
4743 59 81 2.5
4744 59 81 2.5
4745 129 90 1
4746 129 90 1
4747 129 90 1
4748 129 90 1
4749 129 90 1
4750 129 90 1
4751 129 90 1
4752 129 90 1
4753 129 90 1
4754 129 90 1
4755 129 90 1
4756 129 90 1
4757 129 90 1
4758 129 90 1
4759 129 90 1
4760 4 129 1
4761 4 129 1
4762 4 129 1
4763 4 129 1
4764 4 129 1
4765 136 52 1
4766 136 52 1
4767 136 52 1
4768 136 52 1
4769 136 52 1
4770 136 52 1
4771 136 52 1
4772 136 52 1
4773 136 52 1
4774 136 52 1
4775 167 29 2.5
4776 167 29 2.5
4777 167 29 2.5
4778 167 29 2.5
4779 66 89 10
4780 66 89 10
4781 66 89 10
4782 66 89 10
4783 66 89 10
4784 62 89 1
4785 62 89 1
4786 62 89 1
4787 62 89 1
4788 62 89 1
4789 62 89 1
4790 62 89 1
4791 62 89 1
4792 62 89 1
4793 62 89 1
4794 62 89 1
4795 62 89 1
4796 62 89 1
4797 57 166 1
4798 57 166 1
4799 57 166 1
4800 57 166 1
4801 57 166 1
4802 57 166 1
4803 57 166 1
4804 57 166 1
4805 57 166 1
4806 57 166 1
4807 57 166 1
4808 57 166 1
4809 57 166 1
4810 57 166 1
4811 57 166 1
4812 57 166 1
