4812
1 56 48 10
2 56 48 10
3 56 48 10
4 29 14 1
5 29 14 1
6 29 14 1
7 29 14 1
8 29 14 1
9 29 14 1
10 29 14 1
11 29 14 1
12 29 14 1
13 29 14 1
14 29 14 1
15 29 14 1
16 83 53 10
17 83 53 10
18 7 98 1
19 7 98 1
20 7 98 1
21 7 98 1
22 7 98 1
23 7 98 1
24 7 98 1
25 7 98 1
26 7 98 1
27 174 150 2.5
28 174 150 2.5
29 174 150 2.5
30 174 150 2.5
31 174 150 2.5
32 99 98 1
33 99 98 1
34 99 98 1
35 99 98 1
36 99 98 1
37 99 98 1
38 99 98 1
39 99 98 1
40 99 98 1
41 99 98 1
42 99 98 1
43 99 98 1
44 99 98 1
45 99 98 1
46 99 98 1
47 99 98 1
48 99 98 1
49 99 98 1
50 99 98 1
51 99 98 1
52 99 98 1
53 99 98 1
54 1 134 1
55 1 134 1
56 1 134 1
57 1 134 1
58 1 134 1
59 1 134 1
60 1 134 1
61 1 134 1
62 1 134 1
63 1 134 1
64 1 134 1
65 1 134 1
66 1 134 1
67 120 48 1
68 120 48 1
69 120 48 1
70 120 48 1
71 120 48 1
72 120 48 1
73 120 48 1
74 120 48 1
75 120 48 1
76 120 48 1
77 120 48 1
78 120 48 1
79 120 48 1
80 72 103 1
81 72 103 1
82 72 103 1
83 72 103 1
84 72 103 1
85 72 103 1
86 72 103 1
87 72 103 1
88 72 103 1
89 72 103 1
90 133 6 10
91 107 82 10
92 107 82 10
93 107 82 10
94 107 82 10
95 96 1 1
96 96 1 1
97 96 1 1
98 96 1 1
99 96 1 1
100 96 1 1
101 96 1 1
102 96 1 1
103 96 1 1
104 96 1 1
105 96 1 1
106 96 1 1
107 96 1 1
108 96 1 1
109 96 1 1
110 153 67 10
111 110 112 10
112 110 112 10
113 110 112 10
114 110 112 10
115 110 112 10
116 110 112 10
117 160 66 10
118 160 66 10
119 160 66 10
120 160 66 10
121 137 16 10
122 137 16 10
123 137 16 10
124 137 16 10
125 137 16 10
126 110 43 1
127 110 43 1
128 110 43 1
129 110 43 1
130 110 43 1
131 110 43 1
132 110 43 1
133 110 43 1
134 110 43 1
135 110 43 1
136 163 75 1
137 163 75 1
138 163 75 1
139 163 75 1
140 163 75 1
141 163 75 1
142 163 75 1
143 163 75 1
144 163 75 1
145 163 75 1
146 163 75 1
147 163 75 1
148 163 75 1
149 40 52 1
150 40 52 1
151 40 52 1
152 40 52 1
153 40 52 1
154 40 52 1
155 40 52 1
156 91 85 2.5
157 91 85 2.5
158 36 37 1
159 36 37 1
160 36 37 1
161 36 37 1
162 36 37 1
163 36 37 1
164 36 37 1
165 36 37 1
166 36 37 1
167 36 37 1
168 36 37 1
169 36 37 1
170 36 37 1
171 36 37 1
172 36 37 1
173 36 37 1
174 36 37 1
175 36 37 1
176 36 37 1
177 36 37 1
178 36 37 1
179 36 37 1
180 23 109 1
181 23 109 1
182 23 109 1
183 23 109 1
184 23 109 1
185 104 28 10
186 104 28 10
187 104 28 10
188 104 28 10
189 104 28 10
190 104 28 10
191 104 28 10
192 104 28 10
193 104 28 10
194 104 28 10
195 86 35 1
196 86 35 1
197 86 35 1
198 86 35 1
199 86 35 1
200 86 35 1
201 86 35 1
202 86 35 1
203 86 35 1
204 86 35 1
205 104 108 2.5
206 104 108 2.5
207 104 108 2.5
208 104 108 2.5
209 104 108 2.5
210 104 108 2.5
211 104 108 2.5
212 104 108 2.5
213 104 108 2.5
214 104 108 2.5
215 104 108 2.5
216 104 108 2.5
217 36 33 100
218 36 33 100
219 36 33 100
220 36 33 100
221 15 104 10
222 15 104 10
223 15 104 10
224 15 104 10
225 15 104 10
226 15 104 10
227 15 104 10
228 9 56 1
229 9 56 1
230 9 56 1
231 9 56 1
232 9 56 1
233 75 134 2.5
234 75 134 2.5
235 75 134 2.5
236 75 134 2.5
237 148 100 10
238 148 100 10
239 159 26 1
240 159 26 1
241 159 26 1
242 159 26 1
243 159 26 1
244 159 26 1
245 159 26 1
246 159 26 1
247 159 26 1
248 159 26 1
249 159 26 1
250 159 26 1
251 159 26 1
252 171 159 1
253 171 159 1
254 171 159 1
255 171 159 1
256 171 159 1
257 171 159 1
258 171 159 1
259 171 159 1
260 171 159 1
261 171 159 1
262 171 159 1
263 171 159 1
264 171 159 1
265 171 159 1
266 171 159 1
267 171 159 1
268 171 159 1
269 171 159 1
270 59 170 1
271 59 170 1
272 59 170 1
273 59 170 1
274 59 170 1
275 59 170 1
276 59 170 1
277 59 170 1
278 59 170 1
279 59 170 1
280 59 170 1
281 59 170 1
282 59 170 1
283 141 82 40
284 68 38 2.5
285 68 38 2.5
286 68 38 2.5
287 68 38 2.5
288 68 38 2.5
289 68 38 2.5
290 68 38 2.5
291 146 96 2.5
292 146 96 2.5
293 146 96 2.5
294 146 96 2.5
295 146 96 2.5
296 146 96 2.5
297 146 96 2.5
298 146 96 2.5
299 142 115 1
300 142 115 1
301 142 115 1
302 142 115 1
303 142 115 1
304 142 115 1
305 142 115 1
306 142 115 1
307 142 115 1
308 142 115 1
309 109 13 10
310 109 13 10
311 109 13 10
312 109 13 10
313 109 13 10
314 109 13 10
315 109 13 10
316 109 13 10
317 41 56 1
318 41 56 1
319 41 56 1
320 41 56 1
321 41 56 1
322 41 56 1
323 41 56 1
324 41 56 1
325 41 56 1
326 166 93 10
327 134 93 1
328 134 93 1
329 134 93 1
330 134 93 1
331 134 93 1
332 134 93 1
333 134 93 1
334 134 93 1
335 134 93 1
336 134 93 1
337 134 93 1
338 134 93 1
339 134 93 1
340 134 93 1
341 134 93 1
342 134 93 1
343 134 93 1
344 134 93 1
345 134 93 1
346 134 93 1
347 134 93 1
348 134 93 1
349 113 26 1
350 113 26 1
351 113 26 1
352 113 26 1
353 113 26 1
354 113 26 1
355 113 26 1
356 113 26 1
357 161 137 10
358 161 137 10
359 161 137 10
360 161 137 10
361 161 137 10
362 161 137 10
363 161 137 10
364 161 137 10
365 161 137 10
366 161 137 10
367 151 79 10
368 151 79 10
369 151 79 10
370 151 79 10
371 151 79 10
372 151 79 10
373 151 79 10
374 151 79 10
375 151 79 10
376 151 79 10
377 92 12 1
378 92 12 1
379 92 12 1
380 92 12 1
381 92 12 1
382 92 12 1
383 92 12 1
384 92 12 1
385 92 12 1
386 92 12 1
387 92 12 1
388 92 12 1
389 92 12 1
390 92 12 1
391 92 12 1
392 92 12 1
393 118 79 10
394 118 79 10
395 118 79 10
396 118 79 10
397 43 139 2.5
398 43 139 2.5
399 43 139 2.5
400 43 139 2.5
401 43 139 2.5
402 43 139 2.5
403 43 139 2.5
404 43 139 2.5
405 43 139 2.5
406 43 139 2.5
407 170 123 10
408 170 123 10
409 170 123 10
410 170 123 10
411 152 128 1
412 152 128 1
413 152 128 1
414 152 128 1
415 152 128 1
416 152 128 1
417 152 128 1
418 152 128 1
419 152 128 1
420 152 128 1
421 152 128 1
422 152 128 1
423 152 128 1
424 152 128 1
425 152 128 1
426 152 128 1
427 152 128 1
428 152 128 1
429 152 128 1
430 152 128 1
431 152 128 1
432 134 155 10
433 134 155 10
434 134 155 10
435 134 155 10
436 134 155 10
437 96 5 10
438 96 5 10
439 96 5 10
440 96 5 10
441 96 5 10
442 96 5 10
443 96 5 10
444 62 147 1
445 62 147 1
446 62 147 1
447 62 147 1
448 62 147 1
449 62 147 1
450 62 147 1
451 62 147 1
452 62 147 1
453 62 147 1
454 62 147 1
455 62 147 1
456 62 147 1
457 62 147 1
458 62 147 1
459 62 147 1
460 62 147 1
461 62 147 1
462 9 171 1
463 9 171 1
464 9 171 1
465 9 171 1
466 9 171 1
467 9 171 1
468 9 171 1
469 9 171 1
470 9 171 1
471 9 171 1
472 9 171 1
473 9 171 1
474 9 171 1
475 9 171 1
476 9 171 1
477 9 171 1
478 9 171 1
479 9 171 1
480 9 171 1
481 9 171 1
482 25 163 10
483 25 163 10
484 25 163 10
485 25 163 10
486 15 108 1
487 15 108 1
488 15 108 1
489 15 108 1
490 15 108 1
491 15 108 1
492 15 108 1
493 15 108 1
494 15 108 1
495 15 108 1
496 15 108 1
497 15 108 1
498 15 108 1
499 15 108 1
500 19 52 1
501 19 52 1
502 19 52 1
503 19 52 1
504 19 52 1
505 170 103 100
506 26 31 1
507 26 31 1
508 26 31 1
509 26 31 1
510 26 31 1
511 26 31 1
512 26 31 1
513 26 31 1
514 26 31 1
515 26 31 1
516 26 31 1
517 26 31 1
518 26 31 1
519 97 161 1
520 97 161 1
521 97 161 1
522 97 161 1
523 97 161 1
524 97 161 1
525 97 161 1
526 97 161 1
527 97 161 1
528 97 161 1
529 97 161 1
530 128 129 10
531 128 129 10
532 128 129 10
533 128 129 10
534 128 129 10
535 151 13 1
536 151 13 1
537 151 13 1
538 151 13 1
539 151 13 1
540 151 13 1
541 151 13 1
542 151 13 1
543 151 13 1
544 151 13 1
545 151 13 1
546 131 11 1
547 131 11 1
548 131 11 1
549 131 11 1
550 131 11 1
551 131 11 1
552 131 11 1
553 131 11 1
554 131 11 1
555 131 11 1
556 35 52 1
557 35 52 1
558 35 52 1
559 35 52 1
560 35 52 1
561 35 52 1
562 35 52 1
563 35 52 1
564 35 52 1
565 35 52 1
566 35 52 1
567 35 52 1
568 35 52 1
569 35 52 1
570 35 52 1
571 110 39 2.5
572 110 39 2.5
573 110 39 2.5
574 110 39 2.5
575 110 39 2.5
576 110 39 2.5
577 110 39 2.5
578 110 39 2.5
579 110 39 2.5
580 154 120 2.5
581 154 120 2.5
582 154 120 2.5
583 154 120 2.5
584 154 120 2.5
585 154 120 2.5
586 154 120 2.5
587 154 120 2.5
588 154 120 2.5
589 154 120 2.5
590 157 121 1
591 157 121 1
592 157 121 1
593 157 121 1
594 157 121 1
595 157 121 1
596 157 121 1
597 157 121 1
598 157 121 1
599 157 121 1
600 157 121 1
601 157 121 1
602 157 121 1
603 157 121 1
604 157 121 1
605 15 162 1
606 15 162 1
607 15 162 1
608 15 162 1
609 15 162 1
610 15 162 1
611 15 162 1
612 15 162 1
613 15 162 1
614 15 162 1
615 15 162 1
616 15 162 1
617 15 162 1
618 15 162 1
619 15 162 1
620 15 162 1
621 62 111 1
622 62 111 1
623 62 111 1
624 62 111 1
625 62 111 1
626 62 111 1
627 62 111 1
628 62 111 1
629 62 111 1
630 62 111 1
631 62 111 1
632 62 111 1
633 62 111 1
634 62 111 1
635 60 42 1
636 60 42 1
637 60 42 1
638 60 42 1
639 60 42 1
640 60 42 1
641 60 42 1
642 60 42 1
643 60 42 1
644 60 42 1
645 60 42 1
646 60 42 1
647 137 173 1
648 137 173 1
649 137 173 1
650 137 173 1
651 137 173 1
652 137 173 1
653 137 173 1
654 137 173 1
655 137 173 1
656 137 173 1
657 137 173 1
658 137 173 1
659 36 33 2.5
660 36 33 2.5
661 36 33 2.5
662 36 33 2.5
663 154 2 10
664 154 2 10
665 154 2 10
666 154 2 10
667 154 2 10
668 154 2 10
669 154 2 10
670 154 2 10
671 154 2 10
672 89 68 1
673 89 68 1
674 89 68 1
675 89 68 1
676 89 68 1
677 89 68 1
678 89 68 1
679 89 68 1
680 89 68 1
681 89 68 1
682 89 68 1
683 89 68 1
684 89 68 1
685 89 68 1
686 89 68 1
687 89 68 1
688 89 68 1
689 89 68 1
690 89 68 1
691 89 68 1
692 89 68 1
693 89 68 1
694 134 106 2.5
695 134 106 2.5
696 134 106 2.5
697 134 106 2.5
698 134 106 2.5
699 134 106 2.5
700 134 106 2.5
701 115 128 2.5
702 115 128 2.5
703 115 128 2.5
704 115 128 2.5
705 166 132 10
706 166 132 10
707 84 17 1
708 84 17 1
709 84 17 1
710 84 17 1
711 84 17 1
712 84 17 1
713 84 17 1
714 84 17 1
715 84 17 1
716 84 17 1
717 84 17 1
718 156 140 10
719 156 140 10
720 156 140 10
721 156 140 10
722 165 113 10
723 165 113 10
724 32 42 10
725 32 42 10
726 32 42 10
727 32 42 10
728 48 120 1
729 48 120 1
730 48 120 1
731 48 120 1
732 48 120 1
733 48 120 1
734 48 120 1
735 48 120 1
736 48 120 1
737 48 120 1
738 37 103 1
739 37 103 1
740 37 103 1
741 37 103 1
742 37 103 1
743 37 103 1
744 37 103 1
745 37 103 1
746 37 103 1
747 52 41 10
748 52 41 10
749 113 36 10
750 113 36 10
751 113 36 10
752 113 36 10
753 72 172 1
754 72 172 1
755 72 172 1
756 72 172 1
757 72 172 1
758 72 172 1
759 72 172 1
760 72 172 1
761 72 172 1
762 72 172 1
763 72 172 1
764 72 172 1
765 72 172 1
766 72 172 1
767 72 172 1
768 72 172 1
769 72 172 1
770 72 172 1
771 72 172 1
772 109 6 2.5
773 109 6 2.5
774 109 6 2.5
775 109 6 2.5
776 109 6 2.5
777 109 6 2.5
778 109 6 2.5
779 109 6 2.5
780 101 37 10
781 101 37 10
782 101 37 10
783 33 132 10
784 33 132 10
785 33 132 10
786 33 132 10
787 33 132 10
788 33 132 10
789 33 132 10
790 33 132 10
791 33 132 10
792 27 85 1
793 27 85 1
794 27 85 1
795 27 85 1
796 27 85 1
797 27 85 1
798 27 85 1
799 27 85 1
800 27 85 1
801 27 85 1
802 27 85 1
803 27 85 1
804 27 85 1
805 27 85 1
806 27 85 1
807 27 85 1
808 27 85 1
809 59 157 10
810 59 157 10
811 59 157 10
812 59 157 10
813 59 157 10
814 59 157 10
815 59 157 10
816 56 95 1
817 56 95 1
818 56 95 1
819 56 95 1
820 56 95 1
821 56 95 1
822 56 95 1
823 56 95 1
824 56 95 1
825 56 95 1
826 56 95 1
827 56 95 1
828 56 95 1
829 56 95 1
830 56 95 1
831 44 164 2.5
832 44 164 2.5
833 44 164 2.5
834 44 164 2.5
835 44 164 2.5
836 44 164 2.5
837 44 164 2.5
838 165 141 1
839 165 141 1
840 165 141 1
841 165 141 1
842 165 141 1
843 165 141 1
844 165 141 1
845 165 141 1
846 165 141 1
847 165 141 1
848 165 141 1
849 165 141 1
850 165 141 1
851 165 141 1
852 57 127 10
853 151 159 2.5
854 151 159 2.5
855 151 159 2.5
856 151 159 2.5
857 151 159 2.5
858 151 159 2.5
859 151 159 2.5
860 151 159 2.5
861 151 159 2.5
862 152 84 1
863 152 84 1
864 152 84 1
865 152 84 1
866 152 84 1
867 152 84 1
868 152 84 1
869 152 84 1
870 152 84 1
871 152 84 1
872 152 84 1
873 152 84 1
874 152 84 1
875 152 84 1
876 152 84 1
877 152 84 1
878 152 84 1
879 151 118 1
880 151 118 1
881 151 118 1
882 151 118 1
883 151 118 1
884 151 118 1
885 151 118 1
886 151 118 1
887 151 118 1
888 151 118 1
889 151 118 1
890 151 118 1
891 151 118 1
892 110 98 10
893 110 98 10
894 110 98 10
895 110 98 10
896 110 98 10
897 110 98 10
898 110 98 10
899 110 98 10
900 12 76 10
901 12 76 10
902 12 76 10
903 12 76 10
904 102 55 100
905 173 145 1
906 173 145 1
907 173 145 1
908 173 145 1
909 173 145 1
910 173 145 1
911 173 145 1
912 173 145 1
913 173 145 1
914 173 145 1
915 173 145 1
916 173 145 1
917 173 145 1
918 173 145 1
919 173 145 1
920 173 145 1
921 173 145 1
922 173 145 1
923 173 145 1
924 173 145 1
925 70 92 1
926 70 92 1
927 70 92 1
928 70 92 1
929 70 92 1
930 70 92 1
931 70 92 1
932 70 92 1
933 70 92 1
934 70 92 1
935 70 92 1
936 70 92 1
937 70 92 1
938 70 92 1
939 70 92 1
940 70 92 1
941 70 92 1
942 70 92 1
943 70 92 1
944 70 92 1
945 70 92 1
946 70 92 1
947 11 120 10
948 11 120 10
949 11 120 10
950 11 120 10
951 11 120 10
952 11 120 10
953 103 86 2.5
954 103 86 2.5
955 103 86 2.5
956 103 86 2.5
957 103 86 2.5
958 103 86 2.5
959 103 86 2.5
960 103 86 2.5
961 103 86 2.5
962 166 121 2.5
963 166 121 2.5
964 92 167 1
965 92 167 1
966 92 167 1
967 92 167 1
968 92 167 1
969 92 167 1
970 92 167 1
971 92 167 1
972 92 167 1
973 92 167 1
974 92 167 1
975 92 167 1
976 92 167 1
977 92 167 1
978 92 167 1
979 92 167 1
980 92 167 1
981 92 167 1
982 133 8 10
983 6 38 10
984 6 38 10
985 6 38 10
986 89 63 10
987 69 149 1
988 69 149 1
989 69 149 1
990 69 149 1
991 69 149 1
992 69 149 1
993 69 149 1
994 69 149 1
995 69 149 1
996 69 149 1
997 69 149 1
998 69 149 1
999 69 149 1
1000 69 149 1
1001 69 149 1
1002 69 149 1
1003 69 149 1
1004 69 149 1
1005 69 149 1
1006 69 149 1
1007 122 16 1
1008 122 16 1
1009 122 16 1
1010 122 16 1
1011 122 16 1
1012 122 16 1
1013 122 16 1
1014 122 16 1
1015 122 16 1
1016 122 16 1
1017 122 16 1
1018 122 16 1
1019 122 16 1
1020 122 16 1
1021 122 16 1
1022 122 16 1
1023 122 16 1
1024 122 16 1
1025 122 16 1
1026 122 16 1
1027 122 16 1
1028 122 16 1
1029 165 69 10
1030 165 69 10
1031 165 69 10
1032 165 69 10
1033 165 69 10
1034 165 69 10
1035 165 69 10
1036 165 69 10
1037 142 150 1
1038 142 150 1
1039 142 150 1
1040 142 150 1
1041 142 150 1
1042 142 150 1
1043 142 150 1
1044 142 150 1
1045 142 150 1
1046 142 150 1
1047 142 150 1
1048 142 150 1
1049 142 150 1
1050 142 150 1
1051 142 150 1
1052 142 150 1
1053 43 112 10
1054 43 112 10
1055 43 112 10
1056 43 112 10
1057 43 112 10
1058 43 112 10
1059 43 112 10
1060 43 112 10
1061 98 109 1
1062 98 109 1
1063 98 109 1
1064 98 109 1
1065 98 109 1
1066 98 109 1
1067 98 109 1
1068 98 109 1
1069 98 109 1
1070 98 109 1
1071 98 109 1
1072 98 109 1
1073 98 109 1
1074 98 109 1
1075 98 109 1
1076 98 109 1
1077 98 109 1
1078 98 109 1
1079 98 109 1
1080 98 109 1
1081 98 109 1
1082 64 108 10
1083 64 108 10
1084 64 108 10
1085 64 108 10
1086 64 108 10
1087 64 108 10
1088 64 108 10
1089 30 125 1
1090 30 125 1
1091 30 125 1
1092 30 125 1
1093 30 125 1
1094 30 125 1
1095 30 125 1
1096 30 125 1
1097 30 125 1
1098 30 125 1
1099 30 125 1
1100 30 125 1
1101 30 125 1
1102 30 125 1
1103 15 149 1
1104 15 149 1
1105 15 149 1
1106 15 149 1
1107 15 149 1
1108 15 149 1
1109 15 149 1
1110 15 149 1
1111 15 149 1
1112 15 149 1
1113 15 149 1
1114 15 149 1
1115 15 149 1
1116 15 149 1
1117 15 149 1
1118 15 149 1
1119 15 149 1
1120 15 149 1
1121 15 149 1
1122 15 149 1
1123 38 6 1
1124 38 6 1
1125 38 6 1
1126 38 6 1
1127 38 6 1
1128 38 6 1
1129 38 6 1
1130 38 6 1
1131 38 6 1
1132 38 6 1
1133 38 6 1
1134 38 6 1
1135 38 6 1
1136 38 6 1
1137 38 6 1
1138 38 6 1
1139 38 6 1
1140 48 133 1
1141 48 133 1
1142 48 133 1
1143 48 133 1
1144 48 133 1
1145 48 133 1
1146 48 133 1
1147 48 133 1
1148 48 133 1
1149 48 133 1
1150 48 133 1
1151 48 133 1
1152 48 133 1
1153 57 47 1
1154 57 47 1
1155 57 47 1
1156 57 47 1
1157 57 47 1
1158 168 106 1
1159 168 106 1
1160 168 106 1
1161 168 106 1
1162 168 106 1
1163 168 106 1
1164 168 106 1
1165 168 106 1
1166 168 106 1
1167 168 106 1
1168 168 106 1
1169 168 106 1
1170 168 106 1
1171 168 106 1
1172 168 106 1
1173 168 106 1
1174 168 106 1
1175 168 106 1
1176 134 110 2.5
1177 134 110 2.5
1178 134 110 2.5
1179 134 110 2.5
1180 134 110 2.5
1181 134 110 2.5
1182 134 110 2.5
1183 134 110 2.5
1184 134 110 2.5
1185 134 110 2.5
1186 134 110 2.5
1187 84 47 10
1188 84 47 10
1189 84 47 10
1190 126 22 10
1191 126 22 10
1192 168 117 1
1193 168 117 1
1194 168 117 1
1195 168 117 1
1196 168 117 1
1197 168 117 1
1198 168 117 1
1199 168 117 1
1200 135 10 10
1201 135 10 10
1202 135 10 10
1203 135 10 10
1204 135 10 10
1205 135 10 10
1206 133 77 1
1207 133 77 1
1208 133 77 1
1209 133 77 1
1210 133 77 1
1211 133 77 1
1212 133 77 1
1213 133 77 1
1214 133 77 1
1215 133 77 1
1216 133 77 1
1217 133 77 1
1218 133 77 1
1219 48 131 2.5
1220 48 131 2.5
1221 48 131 2.5
1222 73 153 2.5
1223 73 153 2.5
1224 73 153 2.5
1225 73 153 2.5
1226 73 153 2.5
1227 73 153 2.5
1228 73 153 2.5
1229 73 153 2.5
1230 73 153 2.5
1231 73 153 2.5
1232 147 30 1
1233 147 30 1
1234 147 30 1
1235 147 30 1
1236 147 30 1
1237 147 30 1
1238 83 139 1
1239 83 139 1
1240 83 139 1
1241 83 139 1
1242 83 139 1
1243 83 139 1
1244 120 68 100
1245 160 25 100
1246 18 44 1
1247 18 44 1
1248 18 44 1
1249 18 44 1
1250 18 44 1
1251 18 44 1
1252 18 44 1
1253 18 44 1
1254 18 44 1
1255 18 44 1
1256 18 44 1
1257 18 44 1
1258 18 44 1
1259 18 44 1
1260 18 44 1
1261 18 44 1
1262 18 44 1
1263 18 44 1
1264 18 44 1
1265 18 44 1
1266 18 44 1
1267 35 11 1
1268 35 11 1
1269 35 11 1
1270 35 11 1
1271 35 11 1
1272 35 11 1
1273 77 105 100
1274 166 42 1
1275 166 42 1
1276 166 42 1
1277 166 42 1
1278 166 42 1
1279 77 85 1
1280 77 85 1
1281 77 85 1
1282 77 85 1
1283 77 85 1
1284 77 85 1
1285 77 85 1
1286 77 85 1
1287 77 85 1
1288 77 85 1
1289 77 85 1
1290 77 85 1
1291 77 85 1
1292 77 85 1
1293 77 85 1
1294 77 85 1
1295 77 85 1
1296 77 85 1
1297 35 120 1
1298 35 120 1
1299 35 120 1
1300 35 120 1
1301 35 120 1
1302 35 120 1
1303 35 120 1
1304 35 120 1
1305 35 120 1
1306 35 120 1
1307 35 120 1
1308 35 120 1
1309 35 120 1
1310 35 120 1
1311 35 120 1
1312 53 64 10
1313 53 64 10
1314 53 64 10
1315 53 64 10
1316 53 64 10
1317 53 64 10
1318 53 64 10
1319 53 64 10
1320 53 64 10
1321 53 64 10
1322 107 99 2.5
1323 107 99 2.5
1324 107 99 2.5
1325 107 99 2.5
1326 107 99 2.5
1327 107 99 2.5
1328 107 99 2.5
1329 107 99 2.5
1330 107 99 2.5
1331 107 99 2.5
1332 107 99 2.5
1333 107 99 2.5
1334 120 44 1
1335 120 44 1
1336 120 44 1
1337 120 44 1
1338 120 44 1
1339 120 44 1
1340 120 44 1
1341 120 44 1
1342 120 44 1
1343 120 44 1
1344 120 44 1
1345 120 44 1
1346 120 44 1
1347 120 44 1
1348 120 44 1
1349 120 44 1
1350 120 44 1
1351 120 44 1
1352 120 44 1
1353 120 44 1
1354 120 44 1
1355 120 44 1
1356 50 10 2.5
1357 50 10 2.5
1358 114 115 1
1359 114 115 1
1360 114 115 1
1361 114 115 1
1362 114 115 1
1363 114 115 1
1364 114 115 1
1365 114 115 1
1366 41 143 100
1367 41 143 100
1368 41 143 100
1369 41 143 100
1370 42 103 2.5
1371 42 103 2.5
1372 42 103 2.5
1373 42 103 2.5
1374 21 13 2.5
1375 68 41 10
1376 68 41 10
1377 68 41 10
1378 68 41 10
1379 68 41 10
1380 68 41 10
1381 68 41 10
1382 131 150 1
1383 131 150 1
1384 131 150 1
1385 131 150 1
1386 131 150 1
1387 131 150 1
1388 131 150 1
1389 131 150 1
1390 131 150 1
1391 131 150 1
1392 53 10 1
1393 53 10 1
1394 53 10 1
1395 53 10 1
1396 53 10 1
1397 53 10 1
1398 53 10 1
1399 53 10 1
1400 53 10 1
1401 53 10 1
1402 152 68 1
1403 152 68 1
1404 152 68 1
1405 152 68 1
1406 152 68 1
1407 152 68 1
1408 152 68 1
1409 152 68 1
1410 152 68 1
1411 74 52 1
1412 74 52 1
1413 74 52 1
1414 74 52 1
1415 74 52 1
1416 74 52 1
1417 74 52 1
1418 74 52 1
1419 74 52 1
1420 74 52 1
1421 42 79 10
1422 42 79 10
1423 42 79 10
1424 42 79 10
1425 51 55 1
1426 51 55 1
1427 51 55 1
1428 51 55 1
1429 51 55 1
1430 51 55 1
1431 51 55 1
1432 51 55 1
1433 51 55 1
1434 51 55 1
1435 51 55 1
1436 51 55 1
1437 100 33 1
1438 100 33 1
1439 100 33 1
1440 100 33 1
1441 100 33 1
1442 100 33 1
1443 112 94 10
1444 112 94 10
1445 112 94 10
1446 28 31 1
1447 28 31 1
1448 28 31 1
1449 28 31 1
1450 28 31 1
1451 28 31 1
1452 28 31 1
1453 28 31 1
1454 28 31 1
1455 28 31 1
1456 28 31 1
1457 28 31 1
1458 28 31 1
1459 28 31 1
1460 28 31 1
1461 28 31 1
1462 28 31 1
1463 28 31 1
1464 28 31 1
1465 28 31 1
1466 28 31 1
1467 103 55 1
1468 103 55 1
1469 103 55 1
1470 103 55 1
1471 103 55 1
1472 103 55 1
1473 103 55 1
1474 103 55 1
1475 103 55 1
1476 103 55 1
1477 103 55 1
1478 103 55 1
1479 103 55 1
1480 103 55 1
1481 103 55 1
1482 103 55 1
1483 103 55 1
1484 103 55 1
1485 157 4 10
1486 157 4 10
1487 67 135 1
1488 67 135 1
1489 67 135 1
1490 67 135 1
1491 67 135 1
1492 67 135 1
1493 67 135 1
1494 67 135 1
1495 67 135 1
1496 67 135 1
1497 67 135 1
1498 92 11 1
1499 92 11 1
1500 92 11 1
1501 92 11 1
1502 92 11 1
1503 92 11 1
1504 92 11 1
1505 92 11 1
1506 92 11 1
1507 92 11 1
1508 92 11 1
1509 92 11 1
1510 92 11 1
1511 56 115 2.5
1512 56 115 2.5
1513 52 125 10
1514 26 19 10
1515 26 19 10
1516 142 48 2.5
1517 44 137 1
1518 44 137 1
1519 44 137 1
1520 44 137 1
1521 44 137 1
1522 44 137 1
1523 44 137 1
1524 125 48 2.5
1525 125 48 2.5
1526 125 48 2.5
1527 125 48 2.5
1528 125 48 2.5
1529 125 48 2.5
1530 125 48 2.5
1531 60 76 10
1532 60 76 10
1533 60 76 10
1534 60 76 10
1535 94 130 10
1536 94 130 10
1537 94 130 10
1538 85 67 1
1539 85 67 1
1540 85 67 1
1541 85 67 1
1542 85 67 1
1543 85 67 1
1544 85 67 1
1545 85 67 1
1546 85 67 1
1547 85 67 1
1548 62 2 10
1549 62 2 10
1550 62 2 10
1551 62 2 10
1552 62 2 10
1553 5 57 1
1554 5 57 1
1555 5 57 1
1556 5 57 1
1557 5 57 1
1558 5 57 1
1559 5 57 1
1560 5 57 1
1561 5 57 1
1562 5 57 1
1563 5 57 1
1564 5 57 1
1565 150 8 10
1566 150 8 10
1567 150 8 10
1568 150 8 10
1569 150 8 10
1570 150 8 10
1571 14 150 1
1572 14 150 1
1573 14 150 1
1574 14 150 1
1575 14 150 1
1576 14 150 1
1577 14 150 1
1578 14 150 1
1579 14 150 1
1580 14 150 1
1581 14 150 1
1582 14 150 1
1583 14 150 1
1584 14 150 1
1585 14 150 1
1586 14 150 1
1587 14 150 1
1588 14 150 1
1589 14 150 1
1590 14 150 1
1591 14 150 1
1592 14 150 1
1593 59 48 1
1594 59 48 1
1595 59 48 1
1596 59 48 1
1597 59 48 1
1598 59 48 1
1599 59 48 1
1600 59 48 1
1601 59 48 1
1602 59 48 1
1603 59 48 1
1604 59 48 1
1605 59 48 1
1606 59 48 1
1607 59 48 1
1608 59 48 1
1609 59 48 1
1610 4 122 2.5
1611 4 122 2.5
1612 4 122 2.5
1613 4 122 2.5
1614 152 93 2.5
1615 152 93 2.5
1616 152 93 2.5
1617 152 93 2.5
1618 152 93 2.5
1619 152 93 2.5
1620 152 93 2.5
1621 152 93 2.5
1622 152 93 2.5
1623 152 93 2.5
1624 152 93 2.5
1625 55 131 1
1626 55 131 1
1627 55 131 1
1628 55 131 1
1629 55 131 1
1630 55 131 1
1631 55 131 1
1632 55 131 1
1633 55 131 1
1634 55 131 1
1635 55 131 1
1636 55 131 1
1637 55 131 1
1638 55 131 1
1639 55 131 1
1640 55 131 1
1641 55 131 1
1642 55 131 1
1643 55 131 1
1644 153 168 1
1645 153 168 1
1646 153 168 1
1647 153 168 1
1648 153 168 1
1649 153 168 1
1650 153 168 1
1651 153 168 1
1652 153 168 1
1653 153 168 1
1654 153 168 1
1655 153 168 1
1656 153 168 1
1657 153 168 1
1658 95 19 100
1659 95 19 100
1660 42 96 1
1661 42 96 1
1662 42 96 1
1663 42 96 1
1664 42 96 1
1665 42 96 1
1666 42 96 1
1667 42 96 1
1668 129 89 1
1669 129 89 1
1670 129 89 1
1671 129 89 1
1672 129 89 1
1673 129 89 1
1674 129 89 1
1675 129 89 1
1676 129 89 1
1677 129 89 1
1678 145 24 100
1679 33 35 1
1680 33 35 1
1681 33 35 1
1682 33 35 1
1683 33 35 1
1684 33 35 1
1685 33 35 1
1686 33 35 1
1687 33 35 1
1688 33 35 1
1689 33 35 1
1690 33 35 1
1691 102 162 1
1692 102 162 1
1693 102 162 1
1694 102 162 1
1695 102 162 1
1696 102 162 1
1697 102 162 1
1698 102 162 1
1699 102 162 1
1700 102 162 1
1701 102 162 1
1702 102 162 1
1703 102 162 1
1704 102 162 1
1705 102 162 1
1706 102 162 1
1707 102 162 1
1708 128 91 1
1709 128 91 1
1710 128 91 1
1711 128 91 1
1712 128 91 1
1713 128 91 1
1714 128 91 1
1715 128 91 1
1716 128 91 1
1717 128 91 1
1718 128 91 1
1719 128 91 1
1720 128 91 1
1721 128 91 1
1722 64 95 1
1723 64 95 1
1724 64 95 1
1725 64 95 1
1726 64 95 1
1727 64 95 1
1728 64 95 1
1729 17 51 10
1730 23 132 1
1731 23 132 1
1732 23 132 1
1733 23 132 1
1734 23 132 1
1735 23 132 1
1736 23 132 1
1737 23 132 1
1738 23 132 1
1739 23 132 1
1740 23 132 1
1741 23 132 1
1742 23 132 1
1743 23 132 1
1744 23 132 1
1745 23 132 1
1746 23 132 1
1747 23 132 1
1748 23 132 1
1749 23 132 1
1750 131 85 1
1751 131 85 1
1752 131 85 1
1753 131 85 1
1754 131 85 1
1755 131 85 1
1756 131 85 1
1757 131 85 1
1758 131 85 1
1759 131 85 1
1760 131 85 1
1761 131 85 1
1762 131 85 1
1763 131 85 1
1764 131 85 1
1765 52 7 2.5
1766 52 7 2.5
1767 52 7 2.5
1768 52 7 2.5
1769 52 7 2.5
1770 52 7 2.5
1771 52 7 2.5
1772 52 7 2.5
1773 52 7 2.5
1774 52 7 2.5
1775 72 115 2.5
1776 72 115 2.5
1777 45 151 1
1778 45 151 1
1779 45 151 1
1780 45 151 1
1781 45 151 1
1782 45 151 1
1783 45 151 1
1784 45 151 1
1785 45 151 1
1786 45 151 1
1787 45 151 1
1788 45 151 1
1789 45 151 1
1790 45 151 1
1791 45 151 1
1792 45 151 1
1793 45 151 1
1794 92 86 10
1795 92 86 10
1796 92 86 10
1797 92 86 10
1798 92 86 10
1799 105 103 10
1800 105 103 10
1801 105 103 10
1802 105 103 10
1803 105 103 10
1804 105 103 10
1805 105 103 10
1806 105 103 10
1807 145 78 2.5
1808 145 78 2.5
1809 145 78 2.5
1810 145 78 2.5
1811 145 78 2.5
1812 145 78 2.5
1813 145 78 2.5
1814 145 78 2.5
1815 145 78 2.5
1816 106 30 2.5
1817 106 30 2.5
1818 116 95 10
1819 116 95 10
1820 116 95 10
1821 116 95 10
1822 116 95 10
1823 116 95 10
1824 116 95 10
1825 116 95 10
1826 116 95 10
1827 116 95 10
1828 147 82 1
1829 147 82 1
1830 147 82 1
1831 147 82 1
1832 147 82 1
1833 147 82 1
1834 147 82 1
1835 147 82 1
1836 147 82 1
1837 147 82 1
1838 147 82 1
1839 147 82 1
1840 147 82 1
1841 147 82 1
1842 147 82 1
1843 147 82 1
1844 101 33 1
1845 101 33 1
1846 101 33 1
1847 101 33 1
1848 101 33 1
1849 92 1 1
1850 92 1 1
1851 92 1 1
1852 92 1 1
1853 92 1 1
1854 92 1 1
1855 92 1 1
1856 92 1 1
1857 92 1 1
1858 92 1 1
1859 92 1 1
1860 92 1 1
1861 92 1 1
1862 92 1 1
1863 92 1 1
1864 92 1 1
1865 92 1 1
1866 100 87 1
1867 100 87 1
1868 100 87 1
1869 100 87 1
1870 100 87 1
1871 100 87 1
1872 100 87 1
1873 100 87 1
1874 117 143 1
1875 117 143 1
1876 117 143 1
1877 117 143 1
1878 117 143 1
1879 117 143 1
1880 117 143 1
1881 45 12 10
1882 45 12 10
1883 45 12 10
1884 45 12 10
1885 45 12 10
1886 143 21 2.5
1887 143 21 2.5
1888 143 21 2.5
1889 143 21 2.5
1890 143 21 2.5
1891 143 21 2.5
1892 143 21 2.5
1893 143 21 2.5
1894 143 21 2.5
1895 143 21 2.5
1896 57 97 10
1897 57 97 10
1898 57 97 10
1899 57 97 10
1900 14 47 1
1901 14 47 1
1902 14 47 1
1903 14 47 1
1904 14 47 1
1905 14 47 1
1906 14 47 1
1907 14 47 1
1908 14 47 1
1909 130 74 1
1910 130 74 1
1911 130 74 1
1912 130 74 1
1913 130 74 1
1914 130 74 1
1915 130 74 1
1916 130 74 1
1917 130 74 1
1918 130 74 1
1919 130 74 1
1920 130 74 1
1921 130 74 1
1922 130 74 1
1923 58 135 10
1924 129 87 1
1925 129 87 1
1926 129 87 1
1927 129 87 1
1928 129 87 1
1929 129 87 1
1930 129 87 1
1931 129 87 1
1932 129 87 1
1933 129 87 1
1934 129 87 1
1935 129 87 1
1936 129 87 1
1937 129 87 1
1938 129 87 1
1939 129 87 1
1940 129 87 1
1941 129 87 1
1942 129 87 1
1943 129 87 1
1944 129 87 1
1945 129 87 1
1946 82 92 1
1947 82 92 1
1948 82 92 1
1949 82 92 1
1950 82 92 1
1951 82 92 1
1952 82 92 1
1953 82 92 1
1954 82 92 1
1955 82 92 1
1956 82 92 1
1957 82 92 1
1958 146 36 1
1959 146 36 1
1960 146 36 1
1961 146 36 1
1962 146 36 1
1963 146 36 1
1964 146 36 1
1965 146 36 1
1966 146 36 1
1967 146 36 1
1968 146 36 1
1969 146 36 1
1970 146 36 1
1971 146 36 1
1972 146 36 1
1973 146 36 1
1974 146 36 1
1975 146 36 1
1976 146 36 1
1977 146 36 1
1978 146 36 1
1979 146 36 1
1980 162 47 1
1981 162 47 1
1982 162 47 1
1983 162 47 1
1984 162 47 1
1985 162 47 1
1986 162 47 1
1987 162 47 1
1988 162 47 1
1989 162 47 1
1990 6 28 1
1991 6 28 1
1992 6 28 1
1993 6 28 1
1994 6 28 1
1995 86 69 1
1996 86 69 1
1997 86 69 1
1998 86 69 1
1999 86 69 1
2000 86 69 1
2001 86 69 1
2002 86 69 1
2003 86 69 1
2004 86 69 1
2005 86 69 1
2006 86 69 1
2007 86 69 1
2008 86 69 1
2009 86 69 1
2010 86 69 1
2011 86 69 1
2012 86 69 1
2013 86 69 1
2014 86 69 1
2015 86 69 1
2016 35 153 1
2017 35 153 1
2018 35 153 1
2019 35 153 1
2020 35 153 1
2021 35 153 1
2022 35 153 1
2023 35 153 1
2024 35 153 1
2025 35 153 1
2026 35 153 1
2027 35 153 1
2028 35 153 1
2029 35 153 1
2030 35 153 1
2031 35 153 1
2032 35 153 1
2033 54 18 1
2034 54 18 1
2035 54 18 1
2036 54 18 1
2037 54 18 1
2038 54 18 1
2039 54 18 1
2040 54 18 1
2041 54 18 1
2042 54 18 1
2043 54 18 1
2044 54 18 1
2045 54 18 1
2046 54 18 1
2047 61 166 1
2048 61 166 1
2049 61 166 1
2050 61 166 1
2051 61 166 1
2052 61 166 1
2053 47 79 10
2054 47 79 10
2055 130 29 2.5
2056 130 29 2.5
2057 130 29 2.5
2058 130 29 2.5
2059 130 29 2.5
2060 141 114 10
2061 141 114 10
2062 141 114 10
2063 141 114 10
2064 141 114 10
2065 141 114 10
2066 141 114 10
2067 141 114 10
2068 141 114 10
2069 141 114 10
2070 66 115 1
2071 66 115 1
2072 66 115 1
2073 66 115 1
2074 66 115 1
2075 66 115 1
2076 66 115 1
2077 66 115 1
2078 66 115 1
2079 66 115 1
2080 66 115 1
2081 66 115 1
2082 66 115 1
2083 66 115 1
2084 66 115 1
2085 66 115 1
2086 66 115 1
2087 66 115 1
2088 66 115 1
2089 28 8 1
2090 28 8 1
2091 28 8 1
2092 28 8 1
2093 28 8 1
2094 28 8 1
2095 28 8 1
2096 28 8 1
2097 28 8 1
2098 28 8 1
2099 28 8 1
2100 28 8 1
2101 28 8 1
2102 28 8 1
2103 28 8 1
2104 28 8 1
2105 28 8 1
2106 28 8 1
2107 77 123 10
2108 77 123 10
2109 18 54 10
2110 18 54 10
2111 20 38 100
2112 20 38 100
2113 20 38 100
2114 36 136 10
2115 36 136 10
2116 60 163 1
2117 60 163 1
2118 60 163 1
2119 60 163 1
2120 60 163 1
2121 60 163 1
2122 60 163 1
2123 60 163 1
2124 60 163 1
2125 60 163 1
2126 60 163 1
2127 60 163 1
2128 60 163 1
2129 60 163 1
2130 60 163 1
2131 60 163 1
2132 60 87 1
2133 60 87 1
2134 60 87 1
2135 60 87 1
2136 60 87 1
2137 63 29 10
2138 63 29 10
2139 63 29 10
2140 63 29 10
2141 63 29 10
2142 63 29 10
2143 63 29 10
2144 63 29 10
2145 46 29 10
2146 46 29 10
2147 46 29 10
2148 46 29 10
2149 124 91 1
2150 124 91 1
2151 124 91 1
2152 124 91 1
2153 124 91 1
2154 124 91 1
2155 124 91 1
2156 124 91 1
2157 124 91 1
2158 124 91 1
2159 124 91 1
2160 124 91 1
2161 124 91 1
2162 124 91 1
2163 124 91 1
2164 124 91 1
2165 115 94 1
2166 115 94 1
2167 115 94 1
2168 115 94 1
2169 115 94 1
2170 115 94 1
2171 115 94 1
2172 115 94 1
2173 115 94 1
2174 115 94 1
2175 123 169 2.5
2176 123 169 2.5
2177 123 169 2.5
2178 155 126 1
2179 155 126 1
2180 155 126 1
2181 155 126 1
2182 155 126 1
2183 155 126 1
2184 155 126 1
2185 155 126 1
2186 155 126 1
2187 155 126 1
2188 155 126 1
2189 155 126 1
2190 155 126 1
2191 155 126 1
2192 155 126 1
2193 155 126 1
2194 155 126 1
2195 50 36 1
2196 50 36 1
2197 50 36 1
2198 50 36 1
2199 50 36 1
2200 50 36 1
2201 50 36 1
2202 50 36 1
2203 50 36 1
2204 50 36 1
2205 50 36 1
2206 50 36 1
2207 50 36 1
2208 50 36 1
2209 50 36 1
2210 50 36 1
2211 50 36 1
2212 50 36 1
2213 50 36 1
2214 50 36 1
2215 114 17 1
2216 114 17 1
2217 114 17 1
2218 114 17 1
2219 114 17 1
2220 137 65 1
2221 137 65 1
2222 137 65 1
2223 137 65 1
2224 137 65 1
2225 137 65 1
2226 137 65 1
2227 137 65 1
2228 137 65 1
2229 137 65 1
2230 137 65 1
2231 137 65 1
2232 137 65 1
2233 137 65 1
2234 137 65 1
2235 137 65 1
2236 137 65 1
2237 137 65 1
2238 137 65 1
2239 137 65 1
2240 137 65 1
2241 137 65 1
2242 12 65 10
2243 12 65 10
2244 54 62 1
2245 54 62 1
2246 54 62 1
2247 54 62 1
2248 54 62 1
2249 54 62 1
2250 54 62 1
2251 54 62 1
2252 54 62 1
2253 54 62 1
2254 54 62 1
2255 54 62 1
2256 54 62 1
2257 54 62 1
2258 54 62 1
2259 14 41 10
2260 14 41 10
2261 14 41 10
2262 14 41 10
2263 14 41 10
2264 89 33 1
2265 89 33 1
2266 89 33 1
2267 89 33 1
2268 89 33 1
2269 89 33 1
2270 89 33 1
2271 89 33 1
2272 89 33 1
2273 89 33 1
2274 89 33 1
2275 89 33 1
2276 89 33 1
2277 89 33 1
2278 89 33 1
2279 89 33 1
2280 89 33 1
2281 89 33 1
2282 89 33 1
2283 151 3 1
2284 151 3 1
2285 151 3 1
2286 151 3 1
2287 151 3 1
2288 151 3 1
2289 151 3 1
2290 151 3 1
2291 151 3 1
2292 151 3 1
2293 151 3 1
2294 151 3 1
2295 151 3 1
2296 151 3 1
2297 151 3 1
2298 151 3 1
2299 151 3 1
2300 151 3 1
2301 151 3 1
2302 151 3 1
2303 151 3 1
2304 36 162 2.5
2305 36 162 2.5
2306 149 21 2.5
2307 7 94 2.5
2308 7 94 2.5
2309 7 94 2.5
2310 7 94 2.5
2311 7 94 2.5
2312 7 94 2.5
2313 7 94 2.5
2314 7 94 2.5
2315 7 94 2.5
2316 19 119 2.5
2317 19 119 2.5
2318 19 119 2.5
2319 19 119 2.5
2320 19 119 2.5
2321 19 119 2.5
2322 19 119 2.5
2323 22 144 2.5
2324 22 144 2.5
2325 22 144 2.5
2326 22 144 2.5
2327 22 144 2.5
2328 22 144 2.5
2329 22 144 2.5
2330 22 144 2.5
2331 22 144 2.5
2332 22 144 2.5
2333 22 144 2.5
2334 22 144 2.5
2335 137 7 1
2336 137 7 1
2337 137 7 1
2338 137 7 1
2339 137 7 1
2340 137 7 1
2341 137 7 1
2342 137 7 1
2343 137 7 1
2344 137 7 1
2345 137 7 1
2346 137 7 1
2347 137 7 1
2348 137 7 1
2349 137 7 1
2350 137 7 1
2351 137 7 1
2352 137 7 1
2353 137 7 1
2354 137 7 1
2355 137 7 1
2356 137 7 1
2357 38 18 10
2358 38 18 10
2359 38 18 10
2360 38 18 10
2361 41 46 2.5
2362 41 46 2.5
2363 41 46 2.5
2364 41 46 2.5
2365 41 46 2.5
2366 84 51 10
2367 84 51 10
2368 84 51 10
2369 84 51 10
2370 84 51 10
2371 84 51 10
2372 84 51 10
2373 84 51 10
2374 84 51 10
2375 84 51 10
2376 169 30 1
2377 169 30 1
2378 169 30 1
2379 169 30 1
2380 169 30 1
2381 169 30 1
2382 169 30 1
2383 169 30 1
2384 169 30 1
2385 169 30 1
2386 169 30 1
2387 169 30 1
2388 169 30 1
2389 169 30 1
2390 169 30 1
2391 169 30 1
2392 169 30 1
2393 169 30 1
2394 169 30 1
2395 155 166 1
2396 155 166 1
2397 155 166 1
2398 155 166 1
2399 155 166 1
2400 155 166 1
2401 155 166 1
2402 155 166 1
2403 155 166 1
2404 155 166 1
2405 155 166 1
2406 155 166 1
2407 110 138 1
2408 110 138 1
2409 110 138 1
2410 110 138 1
2411 110 138 1
2412 110 138 1
2413 110 138 1
2414 110 138 1
2415 110 138 1
2416 110 138 1
2417 110 138 1
2418 110 138 1
2419 30 48 10
2420 30 48 10
2421 30 48 10
2422 30 48 10
2423 30 48 10
2424 30 48 10
2425 30 48 10
2426 170 159 10
2427 166 3 1
2428 166 3 1
2429 166 3 1
2430 166 3 1
2431 166 3 1
2432 166 3 1
2433 166 3 1
2434 166 3 1
2435 166 3 1
2436 166 3 1
2437 166 3 1
2438 144 21 2.5
2439 144 21 2.5
2440 144 21 2.5
2441 144 21 2.5
2442 144 21 2.5
2443 144 21 2.5
2444 144 21 2.5
2445 144 21 2.5
2446 144 21 2.5
2447 61 87 1
2448 61 87 1
2449 61 87 1
2450 61 87 1
2451 61 87 1
2452 61 87 1
2453 61 87 1
2454 61 87 1
2455 61 87 1
2456 61 87 1
2457 61 87 1
2458 61 87 1
2459 61 87 1
2460 61 87 1
2461 61 87 1
2462 76 137 1
2463 76 137 1
2464 76 137 1
2465 76 137 1
2466 76 137 1
2467 76 137 1
2468 76 137 1
2469 76 137 1
2470 76 137 1
2471 76 137 1
2472 76 137 1
2473 76 137 1
2474 76 137 1
2475 76 137 1
2476 76 137 1
2477 76 137 1
2478 23 84 1
2479 23 84 1
2480 23 84 1
2481 23 84 1
2482 23 84 1
2483 23 84 1
2484 23 84 1
2485 23 84 1
2486 23 84 1
2487 23 84 1
2488 23 84 1
2489 23 84 1
2490 23 84 1
2491 23 84 1
2492 71 95 2.5
2493 148 9 1
2494 148 9 1
2495 148 9 1
2496 148 9 1
2497 148 9 1
2498 148 9 1
2499 148 9 1
2500 148 9 1
2501 148 9 1
2502 148 9 1
2503 148 9 1
2504 148 9 1
2505 16 91 2.5
2506 16 91 2.5
2507 108 139 10
2508 108 139 10
2509 108 139 10
2510 108 139 10
2511 108 139 10
2512 108 139 10
2513 108 139 10
2514 108 139 10
2515 11 113 1
2516 11 113 1
2517 11 113 1
2518 11 113 1
2519 11 113 1
2520 11 113 1
2521 11 113 1
2522 11 113 1
2523 11 113 1
2524 11 113 1
2525 11 113 1
2526 11 113 1
2527 11 113 1
2528 11 113 1
2529 112 12 1
2530 112 12 1
2531 112 12 1
2532 112 12 1
2533 112 12 1
2534 112 12 1
2535 112 12 1
2536 112 12 1
2537 112 12 1
2538 112 12 1
2539 112 12 1
2540 112 12 1
2541 112 12 1
2542 112 12 1
2543 112 12 1
2544 112 12 1
2545 112 12 1
2546 112 12 1
2547 112 12 1
2548 112 12 1
2549 105 62 2.5
2550 105 62 2.5
2551 105 62 2.5
2552 105 62 2.5
2553 105 62 2.5
2554 105 62 2.5
2555 157 7 10
2556 157 7 10
2557 157 7 10
2558 157 7 10
2559 157 7 10
2560 157 7 10
2561 157 7 10
2562 157 7 10
2563 77 8 10
2564 77 8 10
2565 96 150 10
2566 96 150 10
2567 148 134 1
2568 148 134 1
2569 148 134 1
2570 148 134 1
2571 148 134 1
2572 3 10 2.5
2573 3 10 2.5
2574 3 10 2.5
2575 3 10 2.5
2576 3 10 2.5
2577 3 10 2.5
2578 3 10 2.5
2579 3 10 2.5
2580 3 10 2.5
2581 111 100 2.5
2582 111 100 2.5
2583 111 100 2.5
2584 111 100 2.5
2585 111 100 2.5
2586 111 100 2.5
2587 96 130 1
2588 96 130 1
2589 96 130 1
2590 96 130 1
2591 96 130 1
2592 96 130 1
2593 96 130 1
2594 96 130 1
2595 96 130 1
2596 96 130 1
2597 96 130 1
2598 96 130 1
2599 96 130 1
2600 96 130 1
2601 134 149 2.5
2602 134 149 2.5
2603 134 149 2.5
2604 120 5 2.5
2605 120 5 2.5
2606 52 36 2.5
2607 52 36 2.5
2608 52 36 2.5
2609 52 36 2.5
2610 52 36 2.5
2611 52 36 2.5
2612 52 36 2.5
2613 173 7 1
2614 173 7 1
2615 173 7 1
2616 173 7 1
2617 173 7 1
2618 173 7 1
2619 173 7 1
2620 173 7 1
2621 173 7 1
2622 173 7 1
2623 173 7 1
2624 173 7 1
2625 173 7 1
2626 173 7 1
2627 1 172 1
2628 1 172 1
2629 1 172 1
2630 1 172 1
2631 1 172 1
2632 1 172 1
2633 1 172 1
2634 1 172 1
2635 1 172 1
2636 1 172 1
2637 1 172 1
2638 1 172 1
2639 172 133 10
2640 172 133 10
2641 172 133 10
2642 172 133 10
2643 172 133 10
2644 172 133 10
2645 172 133 10
2646 59 152 10
2647 59 152 10
2648 59 152 10
2649 59 152 10
2650 59 152 10
2651 111 7 1
2652 111 7 1
2653 111 7 1
2654 111 7 1
2655 111 7 1
2656 111 7 1
2657 132 112 10
2658 132 112 10
2659 132 112 10
2660 132 112 10
2661 132 112 10
2662 132 112 10
2663 132 112 10
2664 132 112 10
2665 132 112 10
2666 54 103 10
2667 54 103 10
2668 54 103 10
2669 138 52 1
2670 138 52 1
2671 138 52 1
2672 138 52 1
2673 138 52 1
2674 138 52 1
2675 138 52 1
2676 138 52 1
2677 138 52 1
2678 138 52 1
2679 138 52 1
2680 138 52 1
2681 138 52 1
2682 138 52 1
2683 138 52 1
2684 138 52 1
2685 138 52 1
2686 138 52 1
2687 138 52 1
2688 138 52 1
2689 39 135 10
2690 39 135 10
2691 39 135 10
2692 39 135 10
2693 39 135 10
2694 39 135 10
2695 39 135 10
2696 39 135 10
2697 39 135 10
2698 39 135 10
2699 73 83 1
2700 73 83 1
2701 73 83 1
2702 73 83 1
2703 73 83 1
2704 73 83 1
2705 73 83 1
2706 73 83 1
2707 73 83 1
2708 73 83 1
2709 73 83 1
2710 73 83 1
2711 73 83 1
2712 73 83 1
2713 124 109 100
2714 157 130 2.5
2715 157 130 2.5
2716 157 130 2.5
2717 157 130 2.5
2718 161 174 1
2719 161 174 1
2720 161 174 1
2721 161 174 1
2722 161 174 1
2723 146 151 10
2724 146 151 10
2725 146 151 10
2726 146 151 10
2727 146 151 10
2728 146 151 10
2729 146 151 10
2730 138 123 1
2731 138 123 1
2732 138 123 1
2733 138 123 1
2734 138 123 1
2735 138 123 1
2736 138 123 1
2737 138 123 1
2738 138 123 1
2739 138 123 1
2740 138 123 1
2741 138 123 1
2742 138 123 1
2743 138 123 1
2744 138 123 1
2745 138 123 1
2746 138 123 1
2747 138 123 1
2748 44 145 1
2749 44 145 1
2750 44 145 1
2751 44 145 1
2752 44 145 1
2753 44 145 1
2754 44 145 1
2755 44 145 1
2756 44 145 1
2757 44 145 1
2758 44 145 1
2759 44 145 1
2760 44 145 1
2761 44 145 1
2762 44 145 1
2763 173 8 1
2764 173 8 1
2765 173 8 1
2766 173 8 1
2767 173 8 1
2768 173 8 1
2769 173 8 1
2770 173 8 1
2771 28 127 2.5
2772 28 127 2.5
2773 28 127 2.5
2774 28 127 2.5
2775 28 127 2.5
2776 28 127 2.5
2777 28 127 2.5
2778 28 127 2.5
2779 28 127 2.5
2780 28 127 2.5
2781 28 127 2.5
2782 28 127 2.5
2783 43 23 1
2784 43 23 1
2785 43 23 1
2786 43 23 1
2787 43 23 1
2788 43 23 1
2789 43 23 1
2790 43 23 1
2791 43 23 1
2792 127 122 2.5
2793 127 122 2.5
2794 127 122 2.5
2795 127 122 2.5
2796 127 122 2.5
2797 127 122 2.5
2798 127 122 2.5
2799 18 148 2.5
2800 18 148 2.5
2801 18 148 2.5
2802 18 148 2.5
2803 18 148 2.5
2804 18 148 2.5
2805 18 148 2.5
2806 18 148 2.5
2807 18 148 2.5
2808 105 109 1
2809 105 109 1
2810 105 109 1
2811 105 109 1
2812 105 109 1
2813 105 109 1
2814 105 109 1
2815 105 109 1
2816 105 109 1
2817 105 109 1
2818 105 109 1
2819 24 67 1
2820 24 67 1
2821 24 67 1
2822 24 67 1
2823 24 67 1
2824 24 67 1
2825 24 67 1
2826 24 67 1
2827 24 67 1
2828 24 67 1
2829 24 67 1
2830 24 67 1
2831 24 67 1
2832 24 67 1
2833 24 67 1
2834 24 67 1
2835 24 67 1
2836 24 67 1
2837 24 67 1
2838 24 67 1
2839 24 67 1
2840 24 67 1
2841 99 142 10
2842 99 142 10
2843 70 103 2.5
2844 70 103 2.5
2845 70 103 2.5
2846 70 103 2.5
2847 70 103 2.5
2848 70 103 2.5
2849 70 103 2.5
2850 70 103 2.5
2851 70 103 2.5
2852 70 103 2.5
2853 70 103 2.5
2854 77 30 10
2855 77 30 10
2856 77 30 10
2857 77 30 10
2858 77 30 10
2859 77 30 10
2860 77 30 10
2861 77 30 10
2862 77 30 10
2863 77 30 10
2864 149 125 10
2865 149 125 10
2866 149 125 10
2867 149 125 10
2868 149 125 10
2869 149 125 10
2870 149 125 10
2871 149 125 10
2872 149 125 10
2873 80 164 10
2874 93 162 10
2875 93 162 10
2876 93 162 10
2877 93 162 10
2878 93 162 10
2879 37 73 1
2880 37 73 1
2881 37 73 1
2882 37 73 1
2883 37 73 1
2884 37 73 1
2885 37 73 1
2886 37 73 1
2887 37 73 1
2888 37 73 1
2889 37 73 1
2890 37 73 1
2891 37 73 1
2892 37 73 1
2893 37 73 1
2894 37 73 1
2895 45 146 1
2896 45 146 1
2897 45 146 1
2898 45 146 1
2899 45 146 1
2900 45 146 1
2901 45 146 1
2902 45 146 1
2903 45 146 1
2904 45 146 1
2905 45 146 1
2906 45 146 1
2907 45 146 1
2908 45 146 1
2909 45 146 1
2910 45 146 1
2911 45 146 1
2912 45 146 1
2913 45 146 1
2914 45 146 1
2915 45 146 1
2916 107 69 1
2917 107 69 1
2918 107 69 1
2919 107 69 1
2920 107 69 1
2921 107 69 1
2922 107 69 1
2923 107 69 1
2924 107 69 1
2925 107 69 1
2926 107 69 1
2927 169 155 10
2928 169 155 10
2929 169 155 10
2930 99 40 10
2931 99 40 10
2932 99 40 10
2933 99 40 10
2934 102 111 100
2935 102 111 100
2936 102 111 100
2937 102 111 100
2938 59 66 1
2939 59 66 1
2940 59 66 1
2941 59 66 1
2942 59 66 1
2943 59 66 1
2944 59 66 1
2945 59 66 1
2946 59 66 1
2947 59 66 1
2948 59 66 1
2949 59 66 1
2950 59 66 1
2951 59 66 1
2952 59 66 1
2953 59 66 1
2954 59 66 1
2955 59 66 1
2956 59 66 1
2957 59 66 1
2958 59 66 1
2959 59 66 1
2960 161 145 2.5
2961 161 145 2.5
2962 161 145 2.5
2963 160 138 10
2964 160 138 10
2965 160 138 10
2966 160 138 10
2967 160 138 10
2968 160 138 10
2969 160 138 10
2970 160 138 10
2971 160 138 10
2972 47 48 1
2973 47 48 1
2974 47 48 1
2975 47 48 1
2976 47 48 1
2977 47 48 1
2978 47 48 1
2979 47 48 1
2980 47 48 1
2981 47 48 1
2982 47 48 1
2983 47 48 1
2984 47 48 1
2985 47 48 1
2986 47 48 1
2987 47 48 1
2988 47 48 1
2989 47 48 1
2990 47 48 1
2991 98 80 1
2992 98 80 1
2993 98 80 1
2994 98 80 1
2995 98 80 1
2996 98 80 1
2997 98 80 1
2998 98 80 1
2999 98 80 1
3000 98 80 1
3001 48 6 1
3002 48 6 1
3003 48 6 1
3004 48 6 1
3005 48 6 1
3006 48 6 1
3007 48 6 1
3008 48 6 1
3009 48 6 1
3010 48 6 1
3011 48 6 1
3012 48 6 1
3013 48 6 1
3014 48 6 1
3015 97 27 1
3016 97 27 1
3017 97 27 1
3018 97 27 1
3019 97 27 1
3020 97 27 1
3021 97 27 1
3022 97 27 1
3023 97 27 1
3024 111 100 1
3025 111 100 1
3026 111 100 1
3027 111 100 1
3028 111 100 1
3029 111 100 1
3030 111 100 1
3031 111 100 1
3032 111 100 1
3033 111 100 1
3034 111 100 1
3035 111 100 1
3036 111 100 1
3037 111 100 1
3038 111 100 1
3039 111 100 1
3040 111 100 1
3041 111 100 1
3042 111 100 1
3043 142 50 2.5
3044 142 50 2.5
3045 142 50 2.5
3046 142 50 2.5
3047 146 170 10
3048 146 170 10
3049 146 170 10
3050 146 170 10
3051 146 170 10
3052 146 170 10
3053 146 170 10
3054 146 170 10
3055 146 170 10
3056 91 137 1
3057 91 137 1
3058 91 137 1
3059 91 137 1
3060 91 137 1
3061 91 137 1
3062 91 137 1
3063 91 137 1
3064 91 137 1
3065 91 137 1
3066 91 137 1
3067 91 137 1
3068 91 137 1
3069 91 137 1
3070 91 137 1
3071 91 137 1
3072 91 137 1
3073 91 137 1
3074 91 137 1
3075 127 141 10
3076 127 141 10
3077 127 141 10
3078 127 141 10
3079 127 141 10
3080 127 141 10
3081 127 141 10
3082 29 133 1
3083 29 133 1
3084 29 133 1
3085 29 133 1
3086 29 133 1
3087 34 82 1
3088 34 82 1
3089 34 82 1
3090 34 82 1
3091 34 82 1
3092 36 86 1
3093 36 86 1
3094 36 86 1
3095 36 86 1
3096 36 86 1
3097 36 86 1
3098 36 86 1
3099 36 86 1
3100 36 86 1
3101 1 9 2.5
3102 62 164 1
3103 62 164 1
3104 62 164 1
3105 62 164 1
3106 62 164 1
3107 62 164 1
3108 62 164 1
3109 62 164 1
3110 62 164 1
3111 62 164 1
3112 62 164 1
3113 62 164 1
3114 62 164 1
3115 62 164 1
3116 62 164 1
3117 62 164 1
3118 62 164 1
3119 62 164 1
3120 20 10 10
3121 20 10 10
3122 20 10 10
3123 54 139 1
3124 54 139 1
3125 54 139 1
3126 54 139 1
3127 54 139 1
3128 54 139 1
3129 54 139 1
3130 54 139 1
3131 54 139 1
3132 54 139 1
3133 54 139 1
3134 126 64 10
3135 126 64 10
3136 126 64 10
3137 126 64 10
3138 126 64 10
3139 126 64 10
3140 126 64 10
3141 126 64 10
3142 126 64 10
3143 126 64 10
3144 98 87 2.5
3145 98 87 2.5
3146 98 87 2.5
3147 98 87 2.5
3148 98 87 2.5
3149 98 87 2.5
3150 98 87 2.5
3151 98 87 2.5
3152 98 87 2.5
3153 98 87 2.5
3154 77 118 10
3155 77 118 10
3156 77 118 10
3157 116 136 1
3158 116 136 1
3159 116 136 1
3160 116 136 1
3161 116 136 1
3162 116 136 1
3163 116 136 1
3164 22 96 2.5
3165 22 96 2.5
3166 22 96 2.5
3167 22 96 2.5
3168 77 1 2.5
3169 77 1 2.5
3170 77 1 2.5
3171 77 1 2.5
3172 77 1 2.5
3173 77 1 2.5
3174 77 1 2.5
3175 77 1 2.5
3176 54 46 2.5
3177 54 46 2.5
3178 54 46 2.5
3179 14 152 10
3180 14 152 10
3181 14 152 10
3182 14 152 10
3183 14 152 10
3184 97 62 1
3185 97 62 1
3186 97 62 1
3187 97 62 1
3188 97 62 1
3189 97 62 1
3190 97 62 1
3191 97 62 1
3192 97 62 1
3193 97 62 1
3194 97 62 1
3195 97 62 1
3196 97 62 1
3197 97 62 1
3198 97 62 1
3199 97 62 1
3200 18 11 100
3201 100 123 1
3202 100 123 1
3203 100 123 1
3204 100 123 1
3205 100 123 1
3206 36 79 10
3207 36 79 10
3208 36 79 10
3209 36 79 10
3210 140 11 1
3211 140 11 1
3212 140 11 1
3213 140 11 1
3214 140 11 1
3215 140 11 1
3216 140 11 1
3217 140 11 1
3218 140 11 1
3219 140 11 1
3220 31 141 10
3221 31 141 10
3222 31 141 10
3223 31 141 10
3224 31 141 10
3225 31 141 10
3226 31 141 10
3227 31 141 10
3228 31 141 10
3229 27 98 10
3230 27 98 10
3231 27 98 10
3232 27 98 10
3233 27 98 10
3234 21 166 1
3235 21 166 1
3236 21 166 1
3237 21 166 1
3238 21 166 1
3239 21 166 1
3240 21 166 1
3241 21 166 1
3242 21 166 1
3243 21 166 1
3244 21 166 1
3245 21 166 1
3246 21 166 1
3247 21 166 1
3248 21 166 1
3249 21 166 1
3250 21 166 1
3251 21 166 1
3252 21 166 1
3253 21 166 1
3254 21 166 1
3255 1 63 1
3256 1 63 1
3257 1 63 1
3258 1 63 1
3259 1 63 1
3260 1 63 1
3261 128 132 1
3262 128 132 1
3263 128 132 1
3264 128 132 1
3265 128 132 1
3266 128 132 1
3267 128 132 1
3268 128 132 1
3269 74 162 10
3270 74 162 10
3271 74 162 10
3272 47 154 10
3273 47 154 10
3274 47 154 10
3275 47 154 10
3276 47 154 10
3277 7 127 10
3278 7 127 10
3279 58 144 10
3280 58 144 10
3281 58 144 10
3282 58 144 10
3283 58 144 10
3284 58 144 10
3285 58 144 10
3286 139 75 10
3287 139 75 10
3288 139 75 10
3289 139 75 10
3290 139 75 10
3291 139 75 10
3292 139 75 10
3293 108 118 1
3294 108 118 1
3295 108 118 1
3296 108 118 1
3297 108 118 1
3298 108 118 1
3299 108 118 1
3300 108 118 1
3301 87 112 10
3302 87 112 10
3303 87 112 10
3304 103 45 1
3305 103 45 1
3306 103 45 1
3307 103 45 1
3308 103 45 1
3309 103 45 1
3310 103 45 1
3311 103 45 1
3312 103 45 1
3313 103 45 1
3314 103 45 1
3315 103 45 1
3316 31 34 1
3317 31 34 1
3318 31 34 1
3319 31 34 1
3320 31 34 1
3321 31 34 1
3322 31 34 1
3323 31 34 1
3324 31 34 1
3325 31 34 1
3326 31 34 1
3327 31 34 1
3328 31 34 1
3329 31 34 1
3330 31 34 1
3331 31 34 1
3332 31 34 1
3333 31 34 1
3334 31 34 1
3335 31 34 1
3336 31 34 1
3337 18 117 1
3338 18 117 1
3339 18 117 1
3340 18 117 1
3341 18 117 1
3342 18 117 1
3343 18 117 1
3344 18 117 1
3345 18 117 1
3346 18 117 1
3347 18 117 1
3348 94 66 2.5
3349 94 66 2.5
3350 94 66 2.5
3351 94 66 2.5
3352 94 66 2.5
3353 94 66 2.5
3354 94 66 2.5
3355 94 66 2.5
3356 94 66 2.5
3357 94 66 2.5
3358 94 66 2.5
3359 94 66 2.5
3360 170 100 1
3361 170 100 1
3362 170 100 1
3363 170 100 1
3364 170 100 1
3365 170 100 1
3366 170 100 1
3367 170 100 1
3368 170 100 1
3369 170 100 1
3370 97 115 1
3371 97 115 1
3372 97 115 1
3373 97 115 1
3374 97 115 1
3375 97 115 1
3376 97 115 1
3377 97 115 1
3378 97 115 1
3379 97 115 1
3380 97 115 1
3381 97 115 1
3382 97 115 1
3383 97 115 1
3384 97 115 1
3385 97 115 1
3386 97 115 1
3387 97 115 1
3388 97 115 1
3389 40 78 1
3390 40 78 1
3391 40 78 1
3392 40 78 1
3393 40 78 1
3394 40 78 1
3395 40 78 1
3396 40 78 1
3397 40 78 1
3398 40 78 1
3399 40 78 1
3400 40 78 1
3401 40 78 1
3402 40 78 1
3403 40 78 1
3404 40 78 1
3405 40 78 1
3406 40 78 1
3407 40 78 1
3408 40 78 1
3409 40 78 1
3410 57 93 1
3411 57 93 1
3412 57 93 1
3413 57 93 1
3414 57 93 1
3415 57 93 1
3416 57 93 1
3417 57 93 1
3418 57 93 1
3419 57 93 1
3420 144 8 1
3421 144 8 1
3422 144 8 1
3423 144 8 1
3424 144 8 1
3425 144 8 1
3426 144 8 1
3427 144 8 1
3428 144 8 1
3429 144 8 1
3430 144 8 1
3431 144 8 1
3432 144 8 1
3433 144 8 1
3434 144 8 1
3435 144 8 1
3436 144 8 1
3437 144 8 1
3438 144 8 1
3439 144 8 1
3440 144 8 1
3441 144 8 1
3442 2 140 100
3443 2 140 100
3444 2 140 100
3445 159 134 1
3446 159 134 1
3447 159 134 1
3448 159 134 1
3449 159 134 1
3450 159 134 1
3451 159 134 1
3452 159 134 1
3453 159 134 1
3454 159 134 1
3455 159 134 1
3456 159 134 1
3457 159 134 1
3458 109 116 1
3459 109 116 1
3460 109 116 1
3461 109 116 1
3462 109 116 1
3463 109 116 1
3464 109 116 1
3465 109 116 1
3466 109 116 1
3467 109 116 1
3468 109 116 1
3469 109 116 1
3470 109 116 1
3471 109 116 1
3472 79 139 10
3473 79 139 10
3474 79 139 10
3475 79 139 10
3476 79 139 10
3477 79 139 10
3478 79 139 10
3479 58 126 10
3480 58 126 10
3481 58 126 10
3482 58 126 10
3483 58 126 10
3484 58 126 10
3485 58 126 10
3486 58 126 10
3487 58 126 10
3488 58 126 10
3489 17 38 10
3490 17 38 10
3491 17 38 10
3492 17 38 10
3493 17 38 10
3494 17 38 10
3495 17 38 10
3496 17 38 10
3497 145 171 1
3498 145 171 1
3499 145 171 1
3500 145 171 1
3501 145 171 1
3502 145 171 1
3503 145 171 1
3504 145 171 1
3505 145 171 1
3506 145 171 1
3507 56 129 2.5
3508 58 112 2.5
3509 58 112 2.5
3510 58 112 2.5
3511 5 12 40
3512 143 77 2.5
3513 143 77 2.5
3514 37 166 10
3515 35 28 1
3516 35 28 1
3517 35 28 1
3518 35 28 1
3519 35 28 1
3520 35 28 1
3521 35 28 1
3522 35 28 1
3523 35 28 1
3524 35 28 1
3525 35 28 1
3526 35 28 1
3527 35 28 1
3528 35 28 1
3529 35 28 1
3530 35 28 1
3531 35 28 1
3532 172 45 10
3533 172 45 10
3534 172 45 10
3535 172 45 10
3536 172 45 10
3537 172 45 10
3538 172 45 10
3539 25 98 10
3540 25 98 10
3541 25 98 10
3542 25 98 10
3543 25 98 10
3544 42 18 10
3545 56 69 10
3546 56 69 10
3547 56 69 10
3548 69 89 10
3549 69 89 10
3550 69 89 10
3551 69 89 10
3552 69 89 10
3553 69 89 10
3554 94 136 1
3555 94 136 1
3556 94 136 1
3557 94 136 1
3558 94 136 1
3559 94 136 1
3560 94 136 1
3561 94 136 1
3562 94 136 1
3563 94 136 1
3564 94 136 1
3565 94 136 1
3566 94 136 1
3567 94 136 1
3568 94 136 1
3569 94 136 1
3570 169 21 2.5
3571 169 21 2.5
3572 169 21 2.5
3573 87 141 2.5
3574 87 141 2.5
3575 87 141 2.5
3576 87 141 2.5
3577 87 141 2.5
3578 87 141 2.5
3579 87 141 2.5
3580 139 124 1
3581 139 124 1
3582 139 124 1
3583 139 124 1
3584 139 124 1
3585 139 124 1
3586 139 124 1
3587 139 124 1
3588 139 124 1
3589 139 124 1
3590 139 124 1
3591 139 124 1
3592 139 124 1
3593 139 124 1
3594 139 124 1
3595 139 124 1
3596 139 124 1
3597 139 124 1
3598 139 124 1
3599 139 124 1
3600 96 94 1
3601 96 94 1
3602 96 94 1
3603 96 94 1
3604 96 94 1
3605 96 94 1
3606 96 94 1
3607 96 94 1
3608 96 94 1
3609 96 94 1
3610 96 94 1
3611 96 94 1
3612 96 94 1
3613 96 94 1
3614 96 94 1
3615 96 94 1
3616 96 94 1
3617 96 94 1
3618 96 94 1
3619 96 170 2.5
3620 96 170 2.5
3621 96 170 2.5
3622 96 170 2.5
3623 96 170 2.5
3624 96 170 2.5
3625 107 8 2.5
3626 107 8 2.5
3627 107 8 2.5
3628 107 8 2.5
3629 107 8 2.5
3630 107 8 2.5
3631 107 8 2.5
3632 107 8 2.5
3633 107 8 2.5
3634 107 8 2.5
3635 86 142 2.5
3636 86 142 2.5
3637 86 142 2.5
3638 86 142 2.5
3639 86 142 2.5
3640 86 142 2.5
3641 86 142 2.5
3642 86 142 2.5
3643 86 142 2.5
3644 86 142 2.5
3645 86 142 2.5
3646 159 79 1
3647 159 79 1
3648 159 79 1
3649 159 79 1
3650 159 79 1
3651 159 79 1
3652 159 79 1
3653 159 79 1
3654 159 79 1
3655 159 79 1
3656 159 79 1
3657 126 132 10
3658 126 132 10
3659 126 132 10
3660 126 132 10
3661 126 132 10
3662 126 132 10
3663 126 132 10
3664 126 132 10
3665 126 132 10
3666 93 16 1
3667 93 16 1
3668 93 16 1
3669 93 16 1
3670 93 16 1
3671 93 16 1
3672 93 16 1
3673 93 16 1
3674 93 16 1
3675 93 16 1
3676 93 16 1
3677 93 16 1
3678 93 16 1
3679 93 16 1
3680 93 16 1
3681 93 16 1
3682 93 16 1
3683 93 16 1
3684 93 16 1
3685 93 16 1
3686 93 16 1
3687 93 16 1
3688 158 157 1
3689 158 157 1
3690 158 157 1
3691 158 157 1
3692 158 157 1
3693 158 157 1
3694 158 157 1
3695 158 157 1
3696 158 157 1
3697 158 157 1
3698 165 3 10
3699 165 3 10
3700 165 3 10
3701 165 3 10
3702 165 3 10
3703 165 3 10
3704 165 3 10
3705 165 3 10
3706 165 3 10
3707 109 85 100
3708 109 85 100
3709 109 85 100
3710 109 85 100
3711 42 120 10
3712 42 120 10
3713 42 120 10
3714 42 120 10
3715 42 120 10
3716 42 120 10
3717 99 40 2.5
3718 100 31 10
3719 100 31 10
3720 100 31 10
3721 100 31 10
3722 100 31 10
3723 100 31 10
3724 100 31 10
3725 100 31 10
3726 100 31 10
3727 100 31 10
3728 129 60 10
3729 129 60 10
3730 129 60 10
3731 129 60 10
3732 129 60 10
3733 129 60 10
3734 72 134 1
3735 72 134 1
3736 72 134 1
3737 72 134 1
3738 72 134 1
3739 72 134 1
3740 72 134 1
3741 48 52 1
3742 48 52 1
3743 48 52 1
3744 48 52 1
3745 48 52 1
3746 48 52 1
3747 48 52 1
3748 48 52 1
3749 48 52 1
3750 48 52 1
3751 48 52 1
3752 48 52 1
3753 48 52 1
3754 100 98 2.5
3755 100 98 2.5
3756 100 98 2.5
3757 100 98 2.5
3758 100 98 2.5
3759 100 98 2.5
3760 134 76 1
3761 134 76 1
3762 134 76 1
3763 134 76 1
3764 134 76 1
3765 134 76 1
3766 134 76 1
3767 134 76 1
3768 134 76 1
3769 134 76 1
3770 134 76 1
3771 134 76 1
3772 134 76 1
3773 134 76 1
3774 134 76 1
3775 134 76 1
3776 134 76 1
3777 134 76 1
3778 134 76 1
3779 134 76 1
3780 134 76 1
3781 37 34 10
3782 37 34 10
3783 37 34 10
3784 37 34 10
3785 37 34 10
3786 37 34 10
3787 37 34 10
3788 37 34 10
3789 49 3 10
3790 118 74 10
3791 118 74 10
3792 118 74 10
3793 30 68 2.5
3794 30 68 2.5
3795 30 68 2.5
3796 30 68 2.5
3797 30 68 2.5
3798 82 110 1
3799 82 110 1
3800 82 110 1
3801 82 110 1
3802 82 110 1
3803 82 110 1
3804 82 110 1
3805 82 110 1
3806 82 110 1
3807 82 110 1
3808 120 127 1
3809 120 127 1
3810 120 127 1
3811 120 127 1
3812 120 127 1
3813 120 127 1
3814 120 127 1
3815 120 127 1
3816 120 127 1
3817 120 127 1
3818 120 127 1
3819 120 127 1
3820 139 17 1
3821 139 17 1
3822 139 17 1
3823 139 17 1
3824 139 17 1
3825 139 17 1
3826 139 17 1
3827 139 17 1
3828 139 17 1
3829 139 17 1
3830 139 17 1
3831 139 17 1
3832 139 17 1
3833 139 17 1
3834 139 17 1
3835 139 17 1
3836 139 17 1
3837 41 58 1
3838 41 58 1
3839 41 58 1
3840 41 58 1
3841 41 58 1
3842 41 58 1
3843 41 58 1
3844 41 58 1
3845 41 58 1
3846 97 135 10
3847 97 135 10
3848 97 135 10
3849 97 135 10
3850 97 135 10
3851 97 135 10
3852 97 135 10
3853 43 51 1
3854 43 51 1
3855 43 51 1
3856 43 51 1
3857 43 51 1
3858 43 51 1
3859 43 51 1
3860 43 51 1
3861 43 51 1
3862 43 51 1
3863 43 51 1
3864 43 51 1
3865 43 51 1
3866 43 51 1
3867 43 51 1
3868 43 51 1
3869 43 51 1
3870 43 51 1
3871 43 51 1
3872 43 51 1
3873 43 51 1
3874 43 51 1
3875 33 48 2.5
3876 33 48 2.5
3877 33 48 2.5
3878 33 48 2.5
3879 33 48 2.5
3880 33 48 2.5
3881 33 48 2.5
3882 33 48 2.5
3883 33 48 2.5
3884 60 90 1
3885 60 90 1
3886 60 90 1
3887 60 90 1
3888 60 90 1
3889 60 90 1
3890 60 90 1
3891 60 90 1
3892 60 90 1
3893 103 157 2.5
3894 103 157 2.5
3895 103 157 2.5
3896 103 157 2.5
3897 103 157 2.5
3898 103 157 2.5
3899 124 167 10
3900 124 167 10
3901 124 167 10
3902 124 167 10
3903 124 167 10
3904 124 167 10
3905 4 115 1
3906 4 115 1
3907 4 115 1
3908 4 115 1
3909 4 115 1
3910 4 115 1
3911 4 115 1
3912 13 143 1
3913 13 143 1
3914 13 143 1
3915 13 143 1
3916 13 143 1
3917 13 143 1
3918 104 87 1
3919 104 87 1
3920 104 87 1
3921 104 87 1
3922 104 87 1
3923 104 87 1
3924 104 87 1
3925 104 87 1
3926 104 87 1
3927 104 87 1
3928 104 87 1
3929 104 87 1
3930 104 87 1
3931 104 87 1
3932 104 87 1
3933 104 87 1
3934 104 87 1
3935 104 87 1
3936 104 87 1
3937 104 87 1
3938 104 87 1
3939 22 76 2.5
3940 22 76 2.5
3941 22 76 2.5
3942 22 76 2.5
3943 70 151 2.5
3944 70 151 2.5
3945 70 151 2.5
3946 70 151 2.5
3947 70 151 2.5
3948 70 151 2.5
3949 70 151 2.5
3950 139 74 10
3951 139 74 10
3952 169 135 1
3953 169 135 1
3954 169 135 1
3955 169 135 1
3956 169 135 1
3957 169 135 1
3958 169 135 1
3959 169 135 1
3960 169 135 1
3961 169 135 1
3962 169 135 1
3963 169 135 1
3964 169 135 1
3965 169 135 1
3966 169 135 1
3967 169 135 1
3968 169 135 1
3969 169 135 1
3970 11 152 100
3971 11 152 100
3972 11 152 100
3973 91 82 1
3974 91 82 1
3975 91 82 1
3976 91 82 1
3977 91 82 1
3978 91 82 1
3979 91 82 1
3980 91 82 1
3981 91 82 1
3982 142 68 1
3983 142 68 1
3984 142 68 1
3985 142 68 1
3986 142 68 1
3987 142 68 1
3988 142 68 1
3989 142 68 1
3990 142 68 1
3991 142 68 1
3992 142 68 1
3993 142 68 1
3994 142 68 1
3995 142 68 1
3996 26 85 1
3997 26 85 1
3998 26 85 1
3999 26 85 1
4000 26 85 1
4001 26 85 1
4002 26 85 1
4003 26 85 1
4004 26 85 1
4005 26 85 1
4006 26 85 1
4007 26 85 1
4008 26 85 1
4009 26 85 1
4010 26 85 1
4011 26 85 1
4012 26 85 1
4013 16 19 1
4014 16 19 1
4015 16 19 1
4016 16 19 1
4017 16 19 1
4018 16 19 1
4019 16 19 1
4020 16 19 1
4021 16 19 1
4022 16 19 1
4023 16 19 1
4024 16 19 1
4025 16 19 1
4026 16 19 1
4027 16 19 1
4028 16 19 1
4029 16 19 1
4030 99 118 10
4031 99 118 10
4032 99 118 10
4033 99 118 10
4034 99 118 10
4035 99 118 10
4036 26 100 1
4037 26 100 1
4038 26 100 1
4039 26 100 1
4040 26 100 1
4041 26 100 1
4042 77 172 10
4043 77 172 10
4044 138 171 10
4045 138 171 10
4046 138 171 10
4047 138 171 10
4048 138 171 10
4049 138 171 10
4050 138 171 10
4051 132 154 1
4052 132 154 1
4053 132 154 1
4054 132 154 1
4055 132 154 1
4056 132 154 1
4057 132 154 1
4058 132 154 1
4059 132 154 1
4060 132 154 1
4061 132 154 1
4062 132 154 1
4063 132 154 1
4064 132 154 1
4065 132 154 1
4066 132 154 1
4067 25 56 1
4068 25 56 1
4069 25 56 1
4070 25 56 1
4071 25 56 1
4072 25 56 1
4073 25 56 1
4074 25 56 1
4075 25 56 1
4076 25 56 1
4077 25 56 1
4078 25 56 1
4079 25 56 1
4080 25 56 1
4081 25 56 1
4082 25 56 1
4083 25 56 1
4084 25 56 1
4085 25 56 1
4086 142 167 1
4087 142 167 1
4088 142 167 1
4089 142 167 1
4090 142 167 1
4091 139 101 1
4092 139 101 1
4093 139 101 1
4094 139 101 1
4095 139 101 1
4096 139 101 1
4097 139 101 1
4098 139 101 1
4099 139 101 1
4100 139 101 1
4101 139 101 1
4102 139 101 1
4103 139 101 1
4104 139 101 1
4105 139 101 1
4106 86 48 2.5
4107 86 48 2.5
4108 86 48 2.5
4109 86 48 2.5
4110 86 48 2.5
4111 86 48 2.5
4112 86 48 2.5
4113 86 48 2.5
4114 86 48 2.5
4115 86 48 2.5
4116 86 48 2.5
4117 86 48 2.5
4118 29 11 10
4119 29 11 10
4120 114 27 1
4121 114 27 1
4122 114 27 1
4123 114 27 1
4124 114 27 1
4125 114 27 1
4126 114 27 1
4127 114 27 1
4128 114 27 1
4129 114 27 1
4130 114 27 1
4131 114 27 1
4132 138 33 10
4133 138 33 10
4134 138 33 10
4135 138 33 10
4136 138 33 10
4137 138 33 10
4138 138 33 10
4139 138 33 10
4140 138 33 10
4141 138 33 10
4142 120 17 1
4143 120 17 1
4144 120 17 1
4145 120 17 1
4146 120 17 1
4147 120 17 1
4148 120 17 1
4149 120 17 1
4150 120 17 1
4151 120 17 1
4152 120 17 1
4153 120 17 1
4154 120 17 1
4155 120 17 1
4156 120 17 1
4157 120 17 1
4158 48 44 10
4159 48 44 10
4160 48 44 10
4161 48 44 10
4162 48 44 10
4163 148 80 1
4164 148 80 1
4165 148 80 1
4166 148 80 1
4167 148 80 1
4168 148 80 1
4169 148 80 1
4170 148 80 1
4171 148 80 1
4172 148 80 1
4173 157 74 1
4174 157 74 1
4175 157 74 1
4176 157 74 1
4177 157 74 1
4178 157 74 1
4179 157 74 1
4180 77 118 1
4181 77 118 1
4182 77 118 1
4183 77 118 1
4184 77 118 1
4185 77 118 1
4186 77 118 1
4187 172 103 1
4188 172 103 1
4189 172 103 1
4190 172 103 1
4191 172 103 1
4192 172 103 1
4193 172 103 1
4194 172 103 1
4195 172 103 1
4196 172 103 1
4197 172 103 1
4198 172 103 1
4199 172 103 1
4200 172 103 1
4201 172 103 1
4202 29 65 1
4203 29 65 1
4204 29 65 1
4205 29 65 1
4206 29 65 1
4207 29 65 1
4208 29 65 1
4209 29 65 1
4210 29 65 1
4211 29 65 1
4212 29 65 1
4213 29 65 1
4214 29 65 1
4215 29 65 1
4216 29 65 1
4217 29 65 1
4218 29 65 1
4219 73 9 100
4220 59 89 2.5
4221 59 89 2.5
4222 59 89 2.5
4223 59 89 2.5
4224 59 89 2.5
4225 59 89 2.5
4226 59 89 2.5
4227 59 89 2.5
4228 59 89 2.5
4229 118 87 1
4230 118 87 1
4231 118 87 1
4232 118 87 1
4233 118 87 1
4234 118 87 1
4235 118 87 1
4236 118 87 1
4237 118 87 1
4238 118 87 1
4239 118 87 1
4240 118 87 1
4241 118 87 1
4242 118 87 1
4243 118 87 1
4244 118 87 1
4245 118 87 1
4246 150 85 1
4247 150 85 1
4248 150 85 1
4249 150 85 1
4250 150 85 1
4251 150 85 1
4252 150 85 1
4253 150 85 1
4254 150 85 1
4255 150 85 1
4256 150 85 1
4257 150 85 1
4258 150 85 1
4259 150 85 1
4260 150 85 1
4261 150 85 1
4262 150 85 1
4263 150 85 1
4264 150 85 1
4265 150 85 1
4266 150 85 1
4267 57 110 1
4268 57 110 1
4269 57 110 1
4270 57 110 1
4271 57 110 1
4272 57 110 1
4273 57 110 1
4274 57 110 1
4275 57 110 1
4276 57 110 1
4277 77 168 1
4278 77 168 1
4279 77 168 1
4280 77 168 1
4281 77 168 1
4282 77 168 1
4283 77 168 1
4284 77 168 1
4285 77 168 1
4286 77 168 1
4287 77 168 1
4288 77 168 1
4289 126 16 1
4290 126 16 1
4291 126 16 1
4292 126 16 1
4293 126 16 1
4294 126 16 1
4295 126 16 1
4296 126 16 1
4297 126 16 1
4298 56 137 10
4299 56 137 10
4300 56 137 10
4301 56 137 10
4302 56 137 10
4303 56 137 10
4304 56 137 10
4305 56 137 10
4306 56 137 10
4307 143 5 1
4308 143 5 1
4309 143 5 1
4310 143 5 1
4311 143 5 1
4312 143 5 1
4313 143 5 1
4314 143 5 1
4315 143 5 1
4316 143 5 1
4317 143 5 1
4318 143 5 1
4319 143 5 1
4320 145 61 100
4321 145 61 100
4322 145 61 100
4323 115 42 1
4324 115 42 1
4325 115 42 1
4326 115 42 1
4327 115 42 1
4328 115 42 1
4329 115 42 1
4330 115 42 1
4331 115 42 1
4332 115 42 1
4333 115 42 1
4334 115 42 1
4335 115 42 1
4336 115 42 1
4337 115 42 1
4338 115 42 1
4339 115 42 1
4340 115 42 1
4341 115 42 1
4342 115 42 1
4343 115 42 1
4344 147 129 1
4345 147 129 1
4346 147 129 1
4347 147 129 1
4348 147 129 1
4349 147 129 1
4350 147 129 1
4351 147 129 1
4352 147 129 1
4353 147 129 1
4354 147 129 1
4355 147 129 1
4356 147 129 1
4357 134 147 10
4358 134 147 10
4359 134 147 10
4360 134 147 10
4361 134 147 10
4362 134 147 10
4363 134 147 10
4364 134 147 10
4365 134 147 10
4366 134 147 10
4367 163 3 2.5
4368 16 170 1
4369 16 170 1
4370 16 170 1
4371 16 170 1
4372 16 170 1
4373 16 170 1
4374 16 170 1
4375 16 170 1
4376 16 170 1
4377 16 170 1
4378 16 170 1
4379 16 170 1
4380 16 170 1
4381 16 170 1
4382 16 170 1
4383 16 170 1
4384 16 170 1
4385 16 170 1
4386 16 170 1
4387 16 170 1
4388 16 170 1
4389 37 8 1
4390 37 8 1
4391 37 8 1
4392 37 8 1
4393 37 8 1
4394 37 8 1
4395 2 39 1
4396 2 39 1
4397 2 39 1
4398 2 39 1
4399 2 39 1
4400 2 39 1
4401 2 39 1
4402 2 39 1
4403 2 39 1
4404 2 39 1
4405 49 120 10
4406 49 120 10
4407 49 120 10
4408 114 148 100
4409 114 148 100
4410 60 45 2.5
4411 60 45 2.5
4412 60 45 2.5
4413 60 45 2.5
4414 60 45 2.5
4415 60 45 2.5
4416 60 45 2.5
4417 60 45 2.5
4418 9 173 2.5
4419 9 173 2.5
4420 9 173 2.5
4421 9 173 2.5
4422 9 173 2.5
4423 9 173 2.5
4424 9 173 2.5
4425 5 121 2.5
4426 5 121 2.5
4427 5 121 2.5
4428 5 121 2.5
4429 133 108 10
4430 133 108 10
4431 133 108 10
4432 133 108 10
4433 77 119 10
4434 77 119 10
4435 77 119 10
4436 77 119 10
4437 77 119 10
4438 138 104 10
4439 138 104 10
4440 138 104 10
4441 37 138 2.5
4442 137 57 10
4443 137 57 10
4444 137 57 10
4445 137 57 10
4446 137 57 10
4447 137 57 10
4448 74 63 10
4449 74 63 10
4450 74 63 10
4451 74 63 10
4452 74 63 10
4453 74 63 10
4454 74 63 10
4455 74 63 10
4456 74 63 10
4457 74 63 10
4458 43 120 1
4459 43 120 1
4460 43 120 1
4461 43 120 1
4462 43 120 1
4463 43 120 1
4464 43 120 1
4465 43 120 1
4466 43 120 1
4467 43 120 1
4468 43 120 1
4469 43 120 1
4470 43 120 1
4471 43 120 1
4472 43 120 1
4473 43 120 1
4474 43 120 1
4475 43 120 1
4476 43 120 1
4477 43 120 1
4478 156 6 1
4479 156 6 1
4480 156 6 1
4481 156 6 1
4482 156 6 1
4483 156 6 1
4484 156 6 1
4485 156 6 1
4486 156 6 1
4487 156 6 1
4488 156 6 1
4489 156 6 1
4490 156 6 1
4491 156 6 1
4492 156 6 1
4493 156 6 1
4494 156 6 1
4495 156 6 1
4496 94 169 10
4497 151 174 1
4498 151 174 1
4499 151 174 1
4500 151 174 1
4501 151 174 1
4502 151 174 1
4503 151 174 1
4504 151 174 1
4505 151 174 1
4506 151 174 1
4507 151 174 1
4508 151 174 1
4509 151 174 1
4510 151 174 1
4511 151 174 1
4512 151 174 1
4513 151 174 1
4514 151 174 1
4515 32 168 1
4516 32 168 1
4517 32 168 1
4518 32 168 1
4519 32 168 1
4520 32 168 1
4521 32 168 1
4522 32 168 1
4523 32 168 1
4524 32 168 1
4525 32 168 1
4526 32 168 1
4527 32 168 1
4528 32 168 1
4529 32 168 1
4530 32 168 1
4531 32 168 1
4532 32 168 1
4533 48 135 1
4534 48 135 1
4535 48 135 1
4536 48 135 1
4537 48 135 1
4538 48 135 1
4539 48 135 1
4540 48 135 1
4541 48 135 1
4542 48 135 1
4543 48 135 1
4544 48 135 1
4545 48 135 1
4546 65 24 10
4547 65 24 10
4548 65 24 10
4549 65 24 10
4550 65 24 10
4551 65 24 10
4552 65 24 10
4553 65 24 10
4554 65 24 10
4555 65 24 10
4556 109 117 10
4557 109 117 10
4558 109 117 10
4559 109 117 10
4560 109 117 10
4561 109 117 10
4562 109 117 10
4563 109 117 10
4564 109 117 10
4565 130 107 1
4566 130 107 1
4567 130 107 1
4568 130 107 1
4569 130 107 1
4570 130 107 1
4571 142 40 1
4572 142 40 1
4573 142 40 1
4574 142 40 1
4575 142 40 1
4576 142 40 1
4577 142 40 1
4578 142 40 1
4579 142 40 1
4580 142 40 1
4581 142 40 1
4582 142 40 1
4583 142 40 1
4584 142 40 1
4585 142 40 1
4586 142 40 1
4587 142 40 1
4588 142 40 1
4589 142 40 1
4590 37 91 100
4591 37 91 100
4592 37 91 100
4593 37 91 100
4594 69 71 2.5
4595 69 71 2.5
4596 69 71 2.5
4597 69 71 2.5
4598 69 71 2.5
4599 69 71 2.5
4600 69 71 2.5
4601 21 79 1
4602 21 79 1
4603 21 79 1
4604 21 79 1
4605 21 79 1
4606 21 79 1
4607 21 79 1
4608 21 79 1
4609 21 79 1
4610 21 79 1
4611 21 79 1
4612 21 79 1
4613 21 79 1
4614 21 79 1
4615 21 79 1
4616 21 79 1
4617 21 79 1
4618 21 79 1
4619 21 79 1
4620 21 79 1
4621 21 79 1
4622 69 37 2.5
4623 123 89 2.5
4624 123 89 2.5
4625 123 89 2.5
4626 123 89 2.5
4627 123 89 2.5
4628 123 89 2.5
4629 123 89 2.5
4630 123 89 2.5
4631 123 89 2.5
4632 123 89 2.5
4633 70 172 10
4634 70 172 10
4635 70 172 10
4636 70 172 10
4637 70 172 10
4638 111 118 2.5
4639 111 118 2.5
4640 111 118 2.5
4641 111 118 2.5
4642 111 118 2.5
4643 111 118 2.5
4644 111 118 2.5
4645 111 118 2.5
4646 111 118 2.5
4647 111 118 2.5
4648 108 94 2.5
4649 108 94 2.5
4650 108 94 2.5
4651 108 94 2.5
4652 108 94 2.5
4653 108 94 2.5
4654 108 94 2.5
4655 12 36 10
4656 12 36 10
4657 12 36 10
4658 12 36 10
4659 12 36 10
4660 166 126 1
4661 166 126 1
4662 166 126 1
4663 166 126 1
4664 166 126 1
4665 166 126 1
4666 166 126 1
4667 166 126 1
4668 166 126 1
4669 166 126 1
4670 166 126 1
4671 166 126 1
4672 166 126 1
4673 166 126 1
4674 166 126 1
4675 166 126 1
4676 166 126 1
4677 166 126 1
4678 166 126 1
4679 54 146 1
4680 54 146 1
4681 54 146 1
4682 54 146 1
4683 54 146 1
4684 54 146 1
4685 54 146 1
4686 54 146 1
4687 54 146 1
4688 54 146 1
4689 54 146 1
4690 54 146 1
4691 54 146 1
4692 54 146 1
4693 106 125 1
4694 106 125 1
4695 106 125 1
4696 106 125 1
4697 106 125 1
4698 106 125 1
4699 106 125 1
4700 106 125 1
4701 106 125 1
4702 106 125 1
4703 106 125 1
4704 106 125 1
4705 106 125 1
4706 106 125 1
4707 106 125 1
4708 106 125 1
4709 106 125 1
4710 106 125 1
4711 106 125 1
4712 106 125 1
4713 106 125 1
4714 106 125 1
4715 170 142 2.5
4716 170 142 2.5
4717 170 142 2.5
4718 170 142 2.5
4719 170 142 2.5
4720 170 142 2.5
4721 170 142 2.5
4722 170 142 2.5
4723 170 142 2.5
4724 170 142 2.5
4725 102 15 100
4726 102 15 100
4727 102 15 100
4728 102 15 100
4729 128 49 10
4730 128 49 10
4731 128 49 10
4732 128 49 10
4733 128 49 10
4734 128 49 10
4735 128 49 10
4736 60 42 10
4737 60 42 10
4738 102 34 2.5
4739 102 34 2.5
4740 102 34 2.5
4741 102 34 2.5
4742 154 129 10
4743 154 129 10
4744 154 129 10
4745 154 129 10
4746 154 129 10
4747 154 129 10
4748 154 129 10
4749 154 129 10
4750 56 114 10
4751 56 114 10
4752 56 114 10
4753 56 114 10
4754 56 114 10
4755 56 114 10
4756 166 70 1
4757 166 70 1
4758 166 70 1
4759 166 70 1
4760 166 70 1
4761 166 70 1
4762 166 70 1
4763 166 70 1
4764 166 70 1
4765 166 70 1
4766 166 70 1
4767 166 70 1
4768 166 70 1
4769 166 70 1
4770 166 70 1
4771 166 70 1
4772 12 135 1
4773 12 135 1
4774 12 135 1
4775 12 135 1
4776 12 135 1
4777 12 135 1
4778 12 135 1
4779 12 135 1
4780 12 135 1
4781 12 135 1
4782 12 135 1
4783 12 135 1
4784 12 135 1
4785 12 135 1
4786 12 135 1
4787 12 135 1
4788 12 135 1
4789 12 135 1
4790 12 135 1
4791 12 135 1
4792 12 135 1
4793 137 108 1
4794 137 108 1
4795 137 108 1
4796 137 108 1
4797 137 108 1
4798 137 108 1
4799 137 108 1
4800 137 108 1
4801 137 108 1
4802 137 108 1
4803 76 33 10
4804 76 33 10
4805 76 33 10
4806 76 33 10
4807 76 33 10
4808 76 33 10
4809 76 33 10
4810 76 33 10
4811 36 157 1
4812 36 157 1
