4812
1 5 8 1
2 5 7 1
3 5 7 1
4 5 7 1
5 2 7 1
6 2 7 1
7 2 7 1
8 5 7 1
9 38 7 9
10 38 7 9
11 38 7 9
12 5 7 9
13 5 7 9
14 5 7 9
15 5 7 9
16 5 7 9
17 5 7 9
18 5 7 9
19 5 7 9
20 5 7 9
21 5 7 9
22 5 7 9
23 5 58 1
24 5 58 1
25 2 58 1
26 38 58 1
27 38 58 1
28 38 58 1
29 38 58 1
30 38 58 1
31 133 94 1
32 133 94 1
33 2 94 1
34 2 94 1
35 5 94 1
36 133 94 1
37 133 94 1
38 133 94 1
39 42 74 9
40 42 74 9
41 42 74 1
42 42 74 1
43 5 74 1
44 5 74 1
45 5 74 1
46 42 74 1
47 42 74 1
48 42 74 1
49 42 74 9
50 42 74 9
51 42 74 9
52 5 74 100
53 5 74 100
54 5 74 100
55 5 74 100
56 5 74 100
57 5 74 100
58 42 74 100
59 42 74 100
60 42 74 100
61 42 74 100
62 5 24 1
63 5 24 1
64 5 24 1
65 5 24 1
66 5 24 1
67 5 24 1
68 74 24 1
69 74 24 1
70 74 24 9
71 74 24 9
72 74 24 9
73 57 55 9
74 57 55 9
75 57 55 9
76 57 55 9
77 5 143 1
78 5 143 1
79 5 143 1
80 131 143 1
81 131 143 1
82 5 143 1
83 5 143 1
84 5 143 1
85 131 143 9
86 131 143 9
87 131 143 9
88 131 143 9
89 90 99 1
90 90 99 9
91 90 99 9
92 90 99 9
93 11 55 1
94 11 55 1
95 154 55 1
96 154 55 1
97 154 55 9
98 154 55 9
99 11 55 9
100 154 143 3
101 5 143 3
102 5 143 3
103 5 143 3
104 154 143 3
105 154 143 3
106 154 143 3
107 154 143 3
108 154 143 1
109 154 143 1
110 154 143 1
111 154 143 1
112 154 143 1
113 154 143 1
114 154 143 1
115 154 143 1
116 154 143 9
117 154 143 9
118 154 143 9
119 154 143 9
120 154 143 9
121 154 143 9
122 154 143 9
123 74 143 9
124 74 118 9
125 74 118 9
126 74 118 9
127 74 118 9
128 74 97 1
129 154 97 1
130 154 97 1
131 154 97 1
132 74 97 1
133 74 97 3
134 74 97 3
135 74 97 3
136 74 97 3
137 154 97 3
138 154 97 1
139 154 97 1
140 74 97 1
141 74 97 1
142 74 97 1
143 74 97 1
144 74 97 9
145 74 97 9
146 74 97 9
147 74 97 9
148 74 97 9
149 74 97 9
150 154 97 9
151 154 97 9
152 154 97 9
153 74 97 9
154 74 97 9
155 74 97 9
156 74 97 9
157 42 32 1
158 42 32 9
159 42 32 9
160 42 32 9
161 105 107 9
162 74 107 9
163 74 107 9
164 74 107 9
165 74 139 9
166 138 139 9
167 138 139 9
168 138 139 9
169 138 139 9
170 138 139 9
171 138 139 9
172 138 139 9
173 42 143 9
174 42 38 1
175 42 38 1
176 42 38 9
177 105 38 9
178 105 38 9
179 138 63 1
180 53 63 1
181 53 63 1
182 53 63 1
183 53 63 1
184 53 63 1
185 78 63 1
186 78 63 1
187 78 63 1
188 78 63 1
189 53 63 1
190 53 63 1
191 53 63 9
192 53 63 9
193 53 63 9
194 53 63 9
195 53 63 9
196 173 159 9
197 173 159 9
198 53 159 9
199 53 157 1
200 53 157 1
201 162 157 1
202 162 157 1
203 162 157 1
204 162 157 1
205 162 157 1
206 162 157 1
207 162 157 9
208 162 157 9
209 162 157 9
210 10 8 1
211 10 8 1
212 10 8 1
213 10 8 1
214 10 8 1
215 10 8 1
216 10 8 1
217 162 8 1
218 162 8 1
219 162 8 1
220 10 8 1
221 11 8 1
222 11 8 1
223 11 8 1
224 11 8 1
225 11 8 1
226 11 8 1
227 11 8 1
228 11 8 1
229 10 8 1
230 10 8 1
231 10 8 1
232 10 8 1
233 10 8 1
234 162 8 1
235 162 8 1
236 162 8 1
237 162 8 1
238 162 8 1
239 10 8 1
240 16 8 1
241 16 8 1
242 16 8 9
243 16 8 9
244 16 8 9
245 16 8 9
246 16 8 9
247 16 8 9
248 162 173 9
249 162 173 9
250 162 173 9
251 53 78 1
252 53 78 1
253 53 78 1
254 53 78 1
255 10 78 1
256 10 78 1
257 10 78 1
258 10 78 1
259 90 98 1
260 90 98 1
261 90 98 1
262 90 98 1
263 90 98 1
264 90 98 1
265 53 98 1
266 90 98 1
267 90 98 9
268 90 98 9
269 90 98 9
270 101 102 9
271 101 102 9
272 101 102 9
273 101 102 9
274 90 84 1
275 90 84 1
276 90 84 1
277 90 84 9
278 90 84 9
279 90 84 9
280 90 84 9
281 90 84 9
282 90 84 9
283 90 84 9
284 117 74 3
285 117 74 3
286 90 74 1
287 90 74 3
288 90 74 3
289 90 74 3
290 90 74 3
291 117 74 3
292 117 74 100
293 117 74 100
294 117 74 100
295 117 74 100
296 161 152 9
297 161 152 9
298 161 152 9
299 53 54 1
300 53 54 1
301 117 54 1
302 117 54 3
303 53 54 3
304 117 54 1
305 117 54 1
306 117 54 1
307 117 54 1
308 117 54 1
309 117 54 1
310 90 54 1
311 90 54 9
312 90 54 9
313 90 54 9
314 90 54 9
315 90 54 1
316 117 54 1
317 117 54 1
318 117 54 1
319 117 54 3
320 117 54 3
321 53 54 1
322 6 54 1
323 6 54 1
324 6 54 1
325 6 54 1
326 6 54 1
327 6 22 1
328 6 22 1
329 53 22 1
330 53 22 1
331 53 22 9
332 6 22 9
333 6 22 9
334 6 8 1
335 6 8 1
336 6 8 1
337 6 8 1
338 144 8 1
339 144 8 9
340 144 8 9
341 144 8 9
342 6 8 1
343 6 8 1
344 144 8 1
345 144 8 9
346 144 8 9
347 144 8 9
348 6 8 9
349 59 63 9
350 144 63 9
351 144 63 9
352 144 63 1
353 59 63 9
354 59 63 9
355 112 116 9
356 112 116 3
357 112 116 3
358 112 116 9
359 144 143 9
360 144 143 9
361 148 143 9
362 148 143 1
363 144 148 1
364 144 148 9
365 144 148 9
366 144 148 3
367 144 148 3
368 144 148 9
369 144 148 9
370 144 148 9
371 148 143 9
372 164 6 1
373 164 6 1
374 42 69 1
375 42 69 9
376 42 69 9
377 42 69 9
378 148 143 1
379 148 143 1
380 148 143 1
381 148 143 3
382 148 143 3
383 148 143 1
384 148 143 1
385 148 143 1
386 148 143 1
387 124 143 1
388 124 143 1
389 124 143 1
390 124 143 9
391 148 143 9
392 148 143 9
393 148 143 1
394 148 143 9
395 148 143 9
396 124 143 3
397 124 143 3
398 124 143 1
399 124 143 3
400 124 143 3
401 124 143 3
402 124 143 3
403 124 143 1
404 124 143 9
405 124 143 9
406 124 143 9
407 41 97 9
408 84 39 3
409 84 39 3
410 84 39 3
411 84 39 3
412 84 39 1
413 84 39 3
414 40 39 3
415 40 39 3
416 42 168 1
417 42 168 9
418 42 32 9
419 42 32 9
420 84 83 1
421 84 83 1
422 84 83 1
423 84 83 1
424 84 83 1
425 84 83 1
426 84 83 1
427 84 83 1
428 41 96 15
429 41 96 15
430 41 96 15
431 41 96 15
432 90 74 9
433 90 74 3
434 90 74 3
435 90 74 3
436 41 74 3
437 41 74 1
438 41 74 3
439 41 74 3
440 41 74 3
441 41 74 1
442 41 74 1
443 41 74 1
444 143 74 1
445 143 74 1
446 90 74 1
447 90 74 1
448 90 74 1
449 90 74 1
450 90 74 1
451 90 74 1
452 90 74 3
453 90 74 3
454 162 74 1
455 162 74 1
456 162 74 1
457 162 74 1
458 162 74 1
459 90 74 100
460 162 74 9
461 162 74 1
462 162 74 1
463 162 74 1
464 162 74 1
465 162 74 1
466 162 74 1
467 162 74 9
468 162 74 9
469 162 74 1
470 162 74 9
471 162 74 9
472 162 74 100
473 143 74 9
474 143 74 9
475 162 74 9
476 162 74 9
477 162 74 9
478 143 74 9
479 171 151 1
480 171 151 9
481 171 151 9
482 77 63 1
483 77 63 1
484 77 63 1
485 77 63 1
486 77 63 1
487 77 63 1
488 162 63 1
489 162 63 3
490 162 59 3
491 53 59 1
492 53 59 1
493 77 59 1
494 77 59 1
495 77 59 1
496 53 59 1
497 53 59 1
498 53 59 9
499 53 59 9
500 53 59 9
501 53 59 9
502 53 59 9
503 53 59 1
504 53 59 9
505 53 59 9
506 53 59 9
507 53 59 9
508 96 99 15
509 7 2 1
510 7 2 1
511 7 2 1
512 53 2 1
513 53 2 1
514 53 2 1
515 53 2 1
516 18 2 3
517 18 2 3
518 18 2 1
519 18 2 1
520 7 2 1
521 7 2 1
522 7 2 1
523 7 2 1
524 7 2 1
525 7 2 15
526 7 2 15
527 74 119 1
528 74 119 1
529 74 119 1
530 53 119 9
531 53 119 9
532 53 119 9
533 53 65 1
534 74 65 1
535 74 65 1
536 74 65 1
537 74 65 1
538 74 65 1
539 74 65 1
540 74 65 1
541 53 65 3
542 53 65 3
543 74 65 1
544 53 65 1
545 53 65 1
546 53 65 1
547 53 65 1
548 53 65 1
549 53 65 1
550 53 65 1
551 53 65 1
552 53 65 1
553 53 65 1
554 74 65 1
555 74 65 1
556 74 65 3
557 74 65 3
558 74 65 1
559 74 65 1
560 74 65 1
561 74 65 1
562 74 65 1
563 74 65 1
564 74 65 1
565 74 65 15
566 74 65 9
567 74 65 3
568 74 65 3
569 74 65 3
570 74 65 3
571 74 65 3
572 74 65 3
573 74 65 3
574 74 65 3
575 74 65 9
576 74 65 1
577 2 65 9
578 2 65 9
579 2 65 9
580 2 65 9
581 2 65 3
582 2 65 3
583 16 65 3
584 16 65 3
585 16 65 9
586 16 65 1
587 16 65 1
588 16 65 1
589 74 65 1
590 74 65 1
591 74 65 3
592 74 65 3
593 74 65 3
594 74 65 3
595 74 65 1
596 74 65 1
597 74 65 9
598 74 65 9
599 74 65 9
600 74 65 9
601 74 65 9
602 96 97 1
603 96 97 1
604 96 97 1
605 96 97 3
606 16 97 3
607 2 97 1
608 2 97 1
609 2 97 1
610 2 97 1
611 2 97 1
612 2 97 1
613 2 97 1
614 2 97 1
615 2 97 1
616 2 97 1
617 2 97 1
618 2 97 9
619 2 97 15
620 2 97 9
621 96 97 9
622 90 97 9
623 90 97 9
624 90 97 3
625 90 97 3
626 90 97 9
627 2 97 9
628 2 97 9
629 2 97 9
630 2 97 1
631 96 97 1
632 96 97 1
633 96 97 1
634 96 97 1
635 96 97 1
636 96 97 1
637 96 97 9
638 96 97 9
639 96 97 9
640 96 97 9
641 96 97 9
642 75 6 9
643 75 89 1
644 75 89 1
645 75 89 1
646 75 89 1
647 75 89 1
648 75 89 3
649 75 89 3
650 75 89 3
651 75 89 3
652 75 89 3
653 75 89 3
654 75 89 1
655 75 89 1
656 75 89 1
657 75 89 1
658 90 89 1
659 90 89 1
660 90 89 1
661 75 89 1
662 75 89 1
663 75 89 1
664 75 89 1
665 75 89 1
666 75 89 1
667 90 89 3
668 90 89 3
669 90 89 1
670 150 89 3
671 150 89 3
672 150 89 3
673 150 89 3
674 90 89 3
675 90 89 9
676 90 70 9
677 148 70 9
678 148 70 9
679 148 70 9
680 148 70 9
681 90 70 1
682 90 70 9
683 90 89 9
684 90 89 9
685 90 89 9
686 150 148 1
687 150 148 9
688 150 148 9
689 150 148 9
690 150 148 1
691 150 148 9
692 150 148 9
693 150 148 9
694 150 148 1
695 150 148 9
696 41 59 1
697 41 59 1
698 41 59 9
699 41 59 9
700 89 59 9
701 89 59 9
702 89 59 9
703 89 59 1
704 89 59 9
705 41 59 9
706 41 59 9
707 41 59 9
708 41 59 9
709 59 58 15
710 70 69 1
711 70 69 1
712 70 69 1
713 70 69 1
714 70 69 1
715 70 69 1
716 70 69 1
717 70 69 1
718 70 42 1
719 70 42 1
720 70 42 1
721 70 42 1
722 70 42 1
723 70 42 1
724 70 42 3
725 70 42 3
726 70 42 1
727 70 42 1
728 70 42 1
729 70 42 1
730 70 42 1
731 70 42 1
732 70 42 1
733 70 42 1
734 70 42 1
735 70 42 1
736 70 42 1
737 70 42 1
738 70 42 1
739 70 42 1
740 70 42 1
741 70 42 1
742 70 42 1
743 70 42 1
744 70 42 3
745 70 42 3
746 70 42 3
747 70 42 3
748 70 42 1
749 70 42 1
750 41 42 9
751 41 42 9
752 41 42 9
753 41 42 9
754 41 42 9
755 41 42 1
756 41 42 1
757 41 42 1
758 41 42 3
759 41 42 3
760 41 42 1
761 41 42 1
762 41 42 1
763 41 42 1
764 41 42 3
765 41 42 3
766 41 42 1
767 41 42 1
768 41 42 1
769 41 42 1
770 41 42 1
771 41 42 3
772 41 42 3
773 59 42 3
774 59 42 3
775 59 42 3
776 59 42 3
777 59 42 3
778 41 42 3
779 41 42 9
780 41 42 9
781 41 42 9
782 41 42 9
783 41 42 9
784 41 42 9
785 41 42 3
786 41 42 3
787 41 42 3
788 41 42 3
789 41 42 3
790 41 42 9
791 41 42 3
792 41 42 3
793 41 42 100
794 41 42 100
795 41 42 100
796 41 42 100
797 1 17 1
798 1 17 1
799 1 17 1
800 1 17 1
801 1 17 3
802 16 17 3
803 1 17 3
804 1 17 3
805 1 6 3
806 1 6 1
807 1 6 9
808 1 6 9
809 1 6 9
810 90 93 3
811 90 93 3
812 90 93 3
813 90 93 3
814 90 93 3
815 90 93 3
816 90 93 3
817 90 93 3
818 90 93 9
819 90 93 9
820 90 93 9
821 90 93 9
822 129 74 3
823 129 74 3
824 129 74 3
825 129 74 3
826 105 90 3
827 105 90 1
828 105 90 1
829 105 90 1
830 105 90 1
831 105 90 1
832 105 90 1
833 105 90 1
834 105 90 9
835 105 90 9
836 105 90 9
837 159 155 9
838 159 155 15
839 90 140 9
840 90 140 9
841 90 140 9
842 90 140 9
843 90 140 9
844 42 140 9
845 42 140 9
846 42 112 1
847 42 112 1
848 42 112 1
849 42 112 1
850 90 112 1
851 90 112 1
852 90 112 1
853 90 112 1
854 90 112 1
855 90 112 1
856 90 112 1
857 90 112 1
858 90 112 1
859 90 112 3
860 90 112 3
861 90 112 1
862 90 112 1
863 90 112 1
864 90 112 1
865 90 112 1
866 90 112 1
867 90 112 3
868 90 112 3
869 90 112 3
870 90 112 3
871 90 112 3
872 90 112 3
873 90 112 3
874 90 112 3
875 90 112 1
876 90 112 3
877 90 112 3
878 90 112 3
879 90 112 3
880 90 112 3
881 90 112 3
882 20 112 3
883 20 112 3
884 20 112 9
885 20 112 9
886 20 112 9
887 20 112 9
888 90 112 9
889 90 112 3
890 90 112 3
891 90 112 3
892 90 112 3
893 90 112 3
894 90 112 9
895 90 112 9
896 90 112 9
897 90 112 9
898 90 112 9
899 90 112 9
900 90 112 9
901 20 16 1
902 20 16 1
903 20 16 1
904 6 16 1
905 6 16 1
906 6 16 1
907 6 16 1
908 6 16 1
909 20 16 9
910 20 16 9
911 20 16 9
912 20 16 9
913 20 16 9
914 20 16 9
915 20 16 9
916 90 143 15
917 90 143 9
918 90 143 9
919 90 143 3
920 90 143 3
921 90 143 3
922 90 143 3
923 90 143 3
924 90 143 9
925 112 143 9
926 112 143 9
927 112 143 3
928 112 143 3
929 112 143 9
930 112 143 9
931 112 143 100
932 112 143 9
933 112 143 9
934 112 143 9
935 90 143 100
936 90 143 100
937 90 143 100
938 90 143 3
939 90 143 3
940 90 143 3
941 90 143 3
942 90 143 3
943 90 143 100
944 90 143 100
945 90 143 100
946 124 128 1
947 124 128 9
948 124 128 3
949 124 128 3
950 124 128 9
951 124 128 9
952 124 128 9
953 6 23 1
954 6 23 1
955 8 23 1
956 8 23 1
957 8 23 1
958 8 23 9
959 6 23 3
960 6 23 3
961 152 143 9
962 152 143 9
963 152 143 9
964 22 29 1
965 22 29 1
966 22 29 1
967 22 29 1
968 22 29 3
969 22 29 3
970 22 29 1
971 21 29 1
972 21 29 15
973 21 29 9
974 90 83 1
975 90 83 1
976 90 83 9
977 90 83 9
978 90 83 9
979 74 93 3
980 74 93 3
981 74 93 3
982 74 93 3
983 74 93 3
984 74 93 3
985 74 93 3
986 6 93 3
987 6 93 9
988 6 93 9
989 6 93 9
990 74 93 9
991 74 100 3
992 74 100 3
993 74 100 3
994 74 100 9
995 74 100 9
996 74 100 3
997 74 100 3
998 74 100 9
999 74 100 9
1000 74 100 9
1001 57 58 1
1002 57 58 1
1003 57 58 1
1004 57 58 1
1005 57 58 1
1006 57 58 1
1007 57 58 1
1008 57 58 1
1009 57 58 9
1010 5 6 1
1011 5 6 1
1012 143 6 1
1013 143 6 1
1014 143 6 1
1015 57 6 1
1016 129 6 3
1017 129 6 3
1018 5 6 1
1019 5 6 1
1020 5 6 1
1021 5 6 1
1022 24 6 1
1023 24 6 1
1024 24 6 1
1025 129 6 1
1026 129 6 15
1027 129 6 15
1028 5 6 9
1029 5 6 15
1030 143 6 15
1031 143 6 15
1032 143 6 9
1033 143 6 9
1034 143 6 9
1035 129 6 9
1036 57 6 3
1037 57 6 3
1038 143 6 3
1039 5 6 9
1040 5 6 9
1041 5 6 9
1042 24 6 9
1043 24 6 3
1044 57 6 3
1045 57 6 9
1046 57 6 9
1047 24 6 9
1048 5 6 9
1049 5 6 9
1050 5 6 9
1051 143 6 3
1052 143 6 3
1053 143 6 9
1054 57 6 9
1055 57 6 9
1056 57 6 3
1057 5 6 3
1058 5 6 3
1059 5 6 3
1060 5 6 3
1061 5 6 3
1062 5 6 3
1063 57 6 3
1064 57 6 9
1065 57 6 9
1066 5 6 9
1067 5 6 9
1068 5 6 9
1069 5 6 3
1070 24 6 3
1071 24 6 3
1072 24 6 3
1073 143 6 9
1074 143 6 9
1075 143 6 9
1076 5 6 9
1077 5 6 9
1078 5 6 9
1079 5 6 9
1080 5 6 9
1081 57 6 9
1082 57 6 9
1083 57 6 3
1084 5 6 3
1085 5 6 3
1086 5 6 3
1087 5 6 9
1088 5 6 9
1089 5 6 9
1090 5 6 9
1091 5 6 9
1092 11 6 9
1093 11 6 9
1094 11 6 3
1095 11 6 3
1096 5 6 3
1097 24 6 3
1098 24 6 9
1099 24 6 9
1100 5 6 100
1101 5 6 100
1102 5 6 9
1103 5 6 9
1104 5 6 9
1105 5 6 9
1106 5 6 9
1107 5 6 9
1108 89 111 9
1109 43 78 15
1110 43 78 9
1111 43 78 3
1112 43 78 3
1113 43 78 3
1114 43 78 3
1115 43 78 3
1116 43 78 3
1117 43 78 3
1118 43 78 3
1119 43 78 3
1120 43 78 3
1121 43 78 3
1122 43 78 3
1123 43 78 3
1124 43 78 3
1125 43 78 3
1126 43 78 3
1127 43 78 3
1128 43 78 3
1129 43 78 3
1130 43 78 3
1131 43 78 1
1132 43 78 1
1133 43 78 1
1134 43 78 3
1135 43 78 3
1136 43 78 3
1137 43 78 3
1138 43 78 3
1139 43 78 3
1140 43 78 3
1141 43 78 9
1142 43 78 9
1143 43 78 9
1144 43 78 9
1145 20 11 1
1146 20 11 1
1147 43 11 1
1148 6 11 1
1149 6 11 1
1150 6 11 1
1151 6 11 1
1152 6 11 1
1153 20 11 9
1154 20 11 9
1155 20 11 9
1156 20 11 1
1157 20 11 1
1158 20 11 1
1159 20 11 1
1160 8 29 9
1161 2 29 9
1162 2 29 9
1163 96 74 1
1164 96 74 1
1165 96 74 1
1166 96 74 1
1167 96 74 1
1168 96 74 1
1169 96 74 1
1170 96 74 1
1171 96 74 9
1172 96 74 9
1173 96 74 9
1174 96 74 9
1175 96 74 100
1176 96 74 100
1177 96 74 100
1178 74 112 1
1179 74 112 1
1180 74 112 1
1181 74 112 1
1182 74 112 9
1183 74 112 9
1184 74 112 1
1185 74 112 1
1186 96 112 9
1187 96 112 9
1188 96 112 9
1189 74 112 9
1190 74 112 100
1191 74 112 100
1192 74 112 100
1193 74 112 100
1194 74 112 100
1195 6 10 1
1196 6 10 1
1197 6 10 9
1198 6 10 9
1199 6 10 9
1200 170 128 1
1201 170 128 9
1202 170 128 9
1203 170 128 9
1204 11 22 15
1205 11 22 9
1206 11 22 9
1207 11 22 9
1208 11 22 1
1209 8 22 1
1210 8 22 1
1211 96 22 9
1212 96 22 9
1213 96 22 9
1214 8 22 9
1215 8 22 1
1216 8 22 1
1217 8 22 1
1218 11 22 9
1219 11 22 9
1220 11 22 9
1221 11 22 9
1222 70 63 1
1223 70 63 1
1224 96 63 9
1225 96 63 9
1226 96 63 1
1227 70 63 1
1228 70 63 1
1229 70 63 1
1230 70 63 9
1231 70 63 9
1232 111 65 100
1233 111 65 100
1234 111 65 100
1235 111 65 100
1236 89 91 1
1237 89 91 1
1238 89 91 1
1239 89 91 1
1240 11 4 9
1241 11 4 9
1242 11 4 9
1243 164 2 15
1244 16 21 1
1245 16 21 9
1246 16 21 9
1247 16 21 1
1248 16 21 1
1249 16 21 1
1250 16 21 9
1251 16 21 9
1252 16 21 9
1253 16 21 9
1254 16 21 9
1255 16 21 9
1256 126 111 9
1257 126 111 1
1258 126 111 1
1259 126 111 1
1260 126 111 9
1261 126 111 9
1262 126 111 9
1263 126 111 9
1264 126 111 9
1265 126 111 9
1266 94 143 1
1267 94 143 1
1268 94 143 9
1269 94 143 9
1270 94 143 1
1271 94 143 1
1272 94 143 1
1273 94 143 1
1274 161 162 3
1275 161 162 3
1276 161 162 3
1277 161 41 3
1278 161 41 3
1279 161 41 3
1280 161 41 3
1281 161 41 3
1282 161 41 9
1283 161 41 9
1284 161 41 9
1285 9 2 9
1286 9 2 9
1287 9 2 1
1288 9 2 1
1289 9 2 1
1290 9 2 9
1291 9 2 9
1292 9 2 9
1293 9 2 9
1294 9 2 9
1295 9 2 9
1296 9 2 9
1297 9 2 9
1298 157 143 1
1299 157 143 1
1300 157 143 1
1301 157 143 9
1302 157 143 9
1303 157 143 9
1304 157 143 9
1305 157 143 9
1306 157 143 9
1307 42 46 1
1308 42 46 1
1309 42 46 1
1310 42 46 9
1311 42 46 9
1312 42 46 1
1313 42 46 1
1314 42 46 1
1315 42 46 9
1316 42 46 9
1317 42 46 9
1318 42 46 9
1319 42 46 9
1320 42 46 9
1321 42 46 9
1322 42 77 1
1323 42 77 1
1324 42 77 1
1325 42 77 9
1326 42 77 9
1327 42 77 9
1328 74 116 1
1329 74 116 9
1330 74 116 9
1331 74 116 9
1332 74 116 9
1333 74 116 9
1334 74 116 9
1335 74 116 9
1336 74 116 9
1337 74 116 1
1338 74 116 1
1339 74 116 1
1340 20 22 1
1341 6 22 9
1342 6 22 9
1343 6 22 9
1344 6 22 9
1345 6 22 9
1346 20 22 1
1347 20 22 9
1348 20 22 9
1349 20 22 9
1350 20 22 9
1351 20 22 9
1352 164 61 15
1353 74 21 1
1354 74 21 1
1355 74 21 1
1356 74 21 1
1357 20 21 1
1358 20 21 1
1359 20 21 1
1360 20 21 9
1361 20 21 9
1362 74 21 1
1363 74 21 1
1364 74 21 1
1365 74 21 1
1366 74 21 1
1367 74 21 1
1368 74 21 1
1369 74 21 9
1370 20 21 1
1371 20 21 1
1372 20 21 1
1373 137 138 9
1374 137 138 9
1375 137 138 9
1376 137 138 9
1377 111 74 1
1378 111 74 1
1379 111 74 9
1380 111 74 9
1381 111 74 9
1382 41 78 1
1383 41 78 1
1384 41 78 9
1385 41 78 9
1386 41 78 1
1387 41 78 1
1388 41 78 1
1389 41 78 1
1390 41 78 9
1391 41 78 9
1392 41 78 9
1393 42 63 1
1394 42 63 1
1395 42 63 1
1396 42 63 9
1397 42 63 9
1398 42 63 9
1399 42 63 9
1400 42 63 9
1401 42 63 9
1402 42 63 9
1403 42 63 100
1404 143 128 1
1405 143 128 1
1406 143 128 1
1407 143 128 1
1408 143 128 1
1409 143 128 9
1410 143 128 9
1411 143 128 1
1412 143 128 1
1413 143 128 1
1414 143 128 1
1415 143 128 1
1416 143 128 1
1417 143 128 1
1418 143 128 1
1419 143 128 1
1420 143 128 9
1421 143 128 9
1422 143 128 9
1423 143 128 9
1424 143 128 9
1425 143 128 9
1426 143 128 9
1427 143 128 9
1428 143 128 1
1429 143 128 1
1430 143 128 1
1431 143 128 1
1432 143 128 1
1433 143 128 1
1434 143 128 1
1435 143 128 9
1436 143 128 9
1437 143 128 1
1438 143 128 1
1439 143 128 1
1440 143 128 1
1441 143 128 1
1442 143 128 1
1443 143 128 1
1444 143 128 1
1445 143 128 1
1446 143 128 1
1447 143 128 1
1448 143 128 9
1449 143 128 9
1450 143 128 1
1451 143 128 1
1452 143 128 9
1453 143 128 9
1454 143 128 1
1455 143 128 1
1456 143 128 1
1457 143 128 1
1458 143 128 9
1459 143 128 9
1460 143 128 1
1461 143 128 1
1462 143 128 1
1463 143 128 9
1464 143 128 9
1465 143 128 9
1466 143 128 9
1467 143 128 9
1468 143 128 1
1469 143 128 1
1470 143 128 1
1471 143 128 9
1472 143 128 9
1473 143 128 1
1474 143 128 1
1475 143 128 1
1476 143 128 9
1477 143 128 9
1478 143 128 9
1479 143 128 9
1480 143 128 9
1481 143 128 9
1482 143 128 9
1483 143 128 9
1484 143 128 9
1485 143 128 1
1486 143 128 100
1487 143 128 100
1488 143 128 9
1489 143 128 9
1490 143 128 9
1491 143 128 1
1492 143 128 9
1493 143 128 9
1494 143 128 9
1495 41 52 1
1496 41 52 1
1497 41 52 1
1498 41 52 1
1499 41 52 9
1500 41 52 9
1501 41 52 9
1502 32 38 9
1503 32 38 9
1504 32 38 9
1505 32 38 9
1506 42 90 9
1507 42 90 9
1508 42 90 9
1509 42 90 9
1510 41 53 1
1511 41 53 9
1512 41 53 9
1513 41 53 9
1514 16 2 9
1515 16 2 9
1516 16 2 9
1517 16 2 100
1518 63 61 1
1519 63 61 1
1520 41 61 1
1521 41 61 9
1522 41 61 9
1523 41 61 1
1524 52 61 1
1525 61 6 1
1526 75 78 15
1527 163 143 9
1528 163 143 9
1529 163 143 9
1530 163 143 1
1531 141 117 1
1532 141 117 1
1533 141 117 1
1534 141 117 9
1535 141 117 9
1536 141 117 9
1537 141 117 9
1538 141 117 9
1539 6 21 1
1540 52 21 1
1541 52 21 9
1542 52 21 9
1543 52 21 1
1544 41 21 1
1545 41 21 9
1546 41 21 1
1547 6 21 1
1548 6 21 1
1549 6 21 1
1550 6 21 9
1551 57 164 9
1552 6 43 3
1553 6 43 3
1554 6 43 3
1555 21 43 3
1556 21 43 3
1557 21 43 3
1558 21 43 3
1559 21 43 3
1560 21 43 9
1561 6 43 1
1562 6 43 9
1563 6 43 9
1564 6 43 1
1565 6 43 9
1566 6 43 9
1567 6 43 9
1568 42 43 9
1569 42 43 9
1570 42 43 9
1571 129 143 1
1572 129 143 1
1573 129 143 1
1574 129 143 1
1575 129 143 1
1576 129 143 1
1577 129 143 1
1578 129 143 1
1579 129 143 1
1580 129 143 9
1581 129 143 9
1582 129 143 1
1583 129 143 1
1584 129 143 1
1585 129 143 1
1586 129 143 1
1587 129 143 1
1588 129 143 1
1589 129 143 9
1590 129 143 9
1591 129 143 1
1592 129 143 1
1593 129 143 1
1594 129 143 1
1595 129 143 9
1596 129 143 1
1597 129 143 1
1598 129 143 1
1599 129 143 1
1600 129 143 1
1601 129 143 9
1602 129 143 9
1603 129 143 1
1604 129 143 1
1605 129 143 9
1606 129 143 1
1607 129 143 1
1608 129 143 1
1609 129 143 9
1610 129 143 9
1611 129 143 9
1612 129 143 9
1613 129 143 1
1614 129 143 9
1615 129 143 9
1616 129 143 9
1617 129 143 9
1618 41 22 1
1619 41 22 1
1620 41 22 1
1621 41 22 1
1622 41 22 1
1623 41 22 1
1624 41 22 9
1625 41 22 9
1626 41 61 1
1627 41 61 1
1628 41 61 1
1629 41 61 1
1630 41 61 1
1631 41 61 1
1632 41 61 1
1633 41 61 1
1634 41 61 9
1635 41 61 9
1636 22 61 9
1637 22 60 1
1638 22 60 1
1639 22 60 1
1640 22 60 9
1641 41 60 9
1642 41 60 9
1643 89 74 15
1644 89 74 1
1645 89 74 1
1646 89 74 1
1647 89 74 1
1648 89 74 1
1649 89 74 1
1650 89 74 9
1651 89 74 9
1652 89 74 9
1653 89 74 9
1654 89 74 9
1655 89 74 9
1656 89 74 9
1657 156 152 9
1658 156 152 15
1659 83 65 1
1660 83 65 1
1661 83 65 9
1662 83 65 9
1663 83 65 1
1664 83 65 1
1665 83 65 1
1666 83 65 1
1667 83 65 15
1668 83 65 9
1669 41 40 1
1670 83 40 1
1671 83 40 1
1672 83 40 1
1673 83 40 9
1674 83 40 9
1675 83 40 1
1676 83 40 1
1677 83 40 3
1678 83 40 3
1679 83 40 3
1680 83 40 3
1681 83 40 15
1682 41 40 3
1683 41 40 3
1684 41 40 3
1685 41 40 9
1686 41 40 9
1687 41 40 9
1688 129 137 15
1689 129 137 9
1690 41 63 1
1691 41 63 1
1692 41 63 9
1693 41 63 15
1694 41 63 9
1695 41 63 100
1696 42 11 1
1697 42 11 1
1698 42 11 1
1699 42 11 1
1700 42 11 9
1701 42 11 9
1702 42 11 1
1703 42 11 1
1704 42 11 9
1705 42 11 1
1706 42 11 1
1707 42 11 1
1708 42 11 1
1709 42 11 1
1710 42 11 1
1711 42 11 1
1712 42 11 1
1713 42 11 9
1714 42 11 9
1715 42 11 9
1716 42 11 9
1717 42 11 15
1718 42 11 9
1719 42 11 9
1720 42 11 1
1721 42 11 9
1722 42 11 9
1723 42 11 9
1724 42 11 9
1725 42 11 100
1726 16 37 9
1727 16 37 9
1728 16 37 9
1729 131 162 9
1730 131 162 9
1731 131 162 9
1732 131 162 9
1733 131 162 9
1734 5 11 1
1735 5 11 1
1736 5 11 1
1737 5 11 1
1738 5 11 1
1739 5 11 9
1740 5 11 9
1741 5 11 1
1742 5 11 1
1743 5 11 1
1744 5 11 1
1745 5 11 1
1746 5 11 1
1747 5 11 1
1748 5 11 1
1749 5 11 1
1750 143 11 15
1751 143 11 9
1752 143 11 9
1753 143 11 9
1754 143 11 9
1755 143 11 9
1756 5 11 9
1757 5 11 9
1758 1 11 1
1759 1 11 9
1760 1 11 9
1761 1 11 9
1762 6 143 1
1763 6 143 1
1764 6 143 1
1765 6 143 9
1766 6 143 1
1767 6 143 1
1768 6 143 1
1769 6 143 1
1770 6 143 9
1771 6 143 9
1772 6 143 1
1773 6 143 1
1774 6 143 1
1775 143 16 1
1776 143 16 1
1777 143 16 1
1778 143 16 1
1779 6 143 9
1780 6 143 1
1781 6 143 1
1782 6 143 9
1783 6 143 1
1784 6 143 1
1785 6 143 1
1786 6 143 1
1787 6 143 1
1788 6 143 1
1789 6 143 9
1790 6 143 9
1791 6 143 1
1792 6 143 9
1793 6 143 1
1794 6 143 1
1795 6 143 1
1796 6 143 9
1797 6 143 9
1798 6 143 9
1799 6 143 9
1800 6 143 9
1801 6 143 9
1802 6 143 9
1803 6 143 9
1804 6 143 9
1805 6 143 9
1806 6 143 9
1807 6 143 9
1808 6 143 9
1809 6 143 9
1810 6 143 9
1811 6 143 100
1812 6 143 1
1813 6 143 1
1814 6 143 1
1815 6 143 1
1816 6 143 1
1817 6 143 100
1818 6 143 1
1819 6 143 1
1820 6 143 1
1821 6 143 1
1822 6 143 1
1823 6 143 100
1824 6 143 100
1825 103 74 9
1826 103 74 9
1827 103 74 9
1828 103 74 9
1829 77 76 9
1830 77 76 9
1831 77 76 9
1832 77 76 9
1833 77 76 9
1834 77 76 9
1835 164 11 1
1836 164 11 1
1837 164 11 1
1838 164 11 1
1839 164 11 1
1840 77 11 9
1841 77 11 9
1842 77 11 1
1843 164 11 1
1844 164 11 1
1845 164 11 1
1846 164 11 1
1847 164 11 1
1848 164 11 1
1849 77 11 1
1850 77 11 1
1851 77 11 1
1852 164 11 1
1853 164 11 1
1854 164 11 1
1855 164 11 1
1856 164 11 1
1857 164 11 1
1858 164 11 1
1859 164 11 1
1860 164 11 1
1861 164 11 1
1862 164 11 9
1863 77 11 9
1864 77 11 1
1865 77 11 1
1866 164 11 1
1867 164 11 1
1868 164 11 1
1869 164 11 1
1870 164 11 1
1871 164 11 1
1872 164 11 1
1873 164 11 15
1874 164 11 15
1875 164 11 9
1876 164 11 9
1877 164 11 1
1878 164 11 1
1879 84 89 1
1880 84 89 1
1881 84 89 1
1882 84 89 1
1883 84 89 1
1884 84 89 1
1885 84 89 1
1886 77 89 1
1887 77 89 1
1888 77 89 1
1889 84 89 9
1890 84 89 9
1891 84 89 1
1892 84 89 1
1893 84 89 1
1894 84 89 1
1895 84 89 9
1896 84 89 9
1897 84 89 9
1898 84 89 9
1899 84 89 1
1900 84 89 1
1901 84 89 1
1902 96 119 1
1903 96 119 1
1904 96 119 9
1905 96 119 9
1906 96 119 9
1907 96 119 9
1908 96 119 9
1909 96 119 9
1910 96 119 9
1911 96 119 9
1912 90 114 1
1913 90 114 1
1914 90 114 1
1915 90 114 1
1916 90 114 1
1917 90 114 1
1918 90 114 1
1919 90 114 1
1920 41 164 15
1921 41 164 15
1922 41 164 15
1923 41 164 9
1924 42 52 1
1925 42 52 1
1926 42 52 1
1927 42 52 1
1928 42 52 9
1929 42 52 9
1930 42 52 9
1931 131 133 9
1932 131 133 9
1933 131 133 9
1934 42 32 1
1935 42 32 1
1936 42 32 9
1937 42 165 9
1938 42 165 9
1939 155 159 9
1940 155 159 9
1941 155 159 9
1942 41 38 9
1943 41 38 9
1944 42 38 1
1945 42 38 1
1946 41 38 1
1947 41 38 1
1948 41 38 1
1949 148 128 1
1950 148 128 9
1951 148 128 9
1952 148 128 9
1953 20 31 9
1954 20 31 9
1955 20 31 9
1956 20 31 9
1957 77 75 9
1958 160 143 1
1959 160 143 1
1960 160 143 9
1961 42 143 1
1962 42 143 1
1963 160 143 1
1964 160 143 1
1965 160 143 1
1966 160 143 9
1967 160 143 9
1968 160 143 9
1969 160 143 9
1970 160 143 9
1971 160 143 9
1972 160 143 9
1973 160 143 9
1974 42 143 9
1975 42 143 9
1976 160 143 9
1977 160 143 9
1978 160 143 9
1979 160 143 9
1980 160 143 9
1981 160 143 9
1982 160 143 100
1983 160 143 100
1984 160 143 9
1985 160 143 9
1986 160 143 9
1987 7 18 1
1988 7 18 1
1989 7 18 1
1990 7 18 1
1991 7 18 1
1992 7 18 1
1993 7 18 1
1994 7 18 1
1995 7 18 9
1996 7 18 9
1997 7 18 1
1998 7 18 9
1999 7 18 9
2000 7 18 9
2001 7 18 9
2002 7 18 9
2003 7 18 9
2004 7 18 100
2005 7 18 1
2006 7 18 100
2007 7 18 100
2008 7 18 1
2009 7 18 100
2010 7 18 100
2011 7 18 100
2012 7 18 1
2013 7 18 100
2014 117 120 15
2015 42 78 1
2016 42 78 1
2017 42 78 1
2018 42 78 1
2019 42 78 1
2020 42 78 1
2021 42 78 1
2022 42 78 1
2023 42 78 1
2024 42 78 1
2025 42 78 9
2026 42 78 9
2027 42 78 1
2028 11 23 3
2029 11 23 3
2030 11 23 3
2031 11 23 3
2032 11 23 1
2033 11 23 3
2034 11 23 3
2035 11 23 3
2036 11 23 9
2037 11 23 1
2038 11 23 9
2039 11 23 9
2040 11 23 9
2041 11 23 9
2042 11 23 9
2043 151 143 9
2044 151 143 1
2045 151 143 1
2046 151 143 1
2047 151 143 1
2048 151 143 1
2049 151 143 1
2050 151 143 9
2051 151 143 9
2052 151 143 9
2053 154 153 1
2054 154 153 9
2055 154 153 1
2056 154 153 9
2057 154 153 9
2058 154 153 9
2059 154 153 9
2060 154 153 1
2061 154 153 9
2062 154 153 9
2063 154 153 9
2064 154 153 9
2065 154 153 9
2066 7 164 15
2067 7 164 15
2068 7 10 1
2069 7 10 1
2070 7 10 1
2071 7 10 1
2072 7 10 1
2073 7 10 1
2074 7 10 1
2075 7 10 1
2076 90 65 1
2077 90 65 1
2078 90 65 1
2079 90 65 1
2080 90 65 1
2081 90 65 1
2082 90 65 1
2083 90 65 1
2084 90 65 9
2085 90 65 9
2086 90 65 1
2087 42 8 9
2088 77 70 3
2089 77 70 3
2090 77 70 3
2091 77 70 3
2092 77 70 3
2093 77 70 3
2094 77 70 3
2095 77 70 3
2096 111 123 15
2097 75 43 9
2098 75 43 9
2099 75 43 9
2100 75 43 9
2101 75 43 9
2102 126 143 1
2103 126 143 1
2104 126 143 1
2105 75 143 1
2106 75 143 1
2107 75 143 9
2108 75 143 1
2109 75 143 1
2110 126 143 1
2111 126 143 1
2112 126 143 1
2113 126 143 1
2114 126 143 1
2115 126 143 1
2116 126 143 1
2117 75 143 1
2118 75 143 1
2119 75 143 1
2120 126 143 1
2121 126 143 1
2122 126 143 1
2123 126 143 1
2124 126 143 1
2125 126 143 9
2126 126 143 1
2127 75 143 1
2128 75 143 1
2129 75 143 1
2130 126 143 1
2131 126 143 1
2132 126 143 3
2133 126 143 1
2134 126 143 1
2135 126 143 1
2136 126 143 1
2137 126 143 1
2138 126 143 1
2139 126 143 1
2140 126 143 1
2141 126 75 1
2142 126 75 1
2143 126 143 1
2144 126 143 1
2145 126 143 1
2146 126 143 1
2147 126 143 1
2148 126 143 3
2149 126 143 3
2150 126 143 1
2151 126 143 1
2152 126 143 1
2153 126 143 1
2154 75 143 1
2155 75 143 1
2156 75 143 1
2157 75 143 1
2158 126 143 1
2159 126 75 1
2160 126 75 1
2161 126 143 1
2162 126 143 1
2163 126 143 1
2164 126 143 1
2165 159 143 1
2166 159 143 1
2167 159 143 9
2168 74 143 9
2169 74 143 9
2170 90 94 3
2171 75 94 3
2172 75 94 3
2173 75 94 1
2174 75 94 3
2175 90 94 3
2176 90 94 3
2177 90 94 3
2178 90 94 9
2179 90 94 1
2180 90 94 9
2181 90 94 9
2182 157 159 9
2183 157 159 9
2184 157 159 9
2185 41 20 1
2186 41 20 1
2187 41 20 1
2188 41 20 1
2189 41 20 1
2190 41 20 1
2191 41 20 1
2192 41 20 1
2193 98 74 1
2194 98 74 1
2195 98 74 1
2196 98 74 1
2197 98 74 1
2198 98 74 1
2199 98 74 1
2200 98 74 1
2201 75 74 9
2202 75 74 9
2203 75 74 1
2204 75 74 9
2205 75 74 9
2206 98 74 1
2207 98 74 9
2208 98 74 9
2209 98 74 9
2210 98 74 9
2211 98 74 9
2212 98 74 9
2213 98 74 9
2214 162 159 1
2215 162 159 1
2216 162 159 9
2217 162 159 9
2218 75 159 9
2219 75 159 1
2220 75 159 9
2221 162 159 9
2222 162 159 9
2223 162 159 9
2224 162 159 9
2225 42 59 1
2226 42 59 1
2227 42 59 9
2228 42 59 9
2229 42 59 9
2230 74 143 9
2231 172 143 9
2232 172 143 9
2233 16 29 1
2234 16 29 9
2235 16 29 9
2236 16 29 9
2237 32 31 1
2238 32 31 1
2239 32 31 1
2240 32 31 1
2241 75 31 1
2242 75 31 1
2243 75 31 1
2244 75 31 1
2245 75 31 3
2246 32 172 3
2247 32 172 3
2248 32 172 3
2249 32 172 3
2250 32 172 3
2251 32 31 3
2252 32 31 3
2253 129 128 9
2254 129 128 9
2255 129 128 1
2256 129 128 1
2257 129 128 1
2258 129 128 1
2259 129 128 9
2260 129 128 9
2261 129 128 9
2262 129 128 9
2263 129 128 9
2264 129 128 9
2265 129 128 1
2266 129 128 1
2267 129 128 1
2268 129 128 1
2269 129 128 1
2270 129 128 1
2271 129 128 9
2272 129 128 9
2273 101 74 9
2274 101 74 9
2275 101 74 9
2276 101 74 9
2277 101 74 9
2278 101 74 9
2279 101 74 9
2280 101 74 9
2281 101 74 9
2282 101 74 1
2283 101 74 1
2284 101 74 1
2285 162 163 1
2286 162 163 1
2287 162 163 9
2288 162 163 9
2289 162 163 9
2290 162 163 9
2291 162 163 9
2292 133 162 1
2293 133 162 100
2294 133 162 100
2295 133 162 100
2296 133 162 100
2297 133 162 100
2298 101 8 1
2299 101 8 1
2300 101 8 1
2301 101 8 1
2302 101 8 1
2303 101 8 1
2304 11 8 1
2305 11 8 1
2306 11 8 9
2307 11 8 3
2308 11 8 1
2309 11 8 1
2310 11 101 1
2311 11 101 3
2312 11 101 3
2313 11 8 3
2314 23 8 3
2315 23 8 1
2316 23 8 1
2317 23 8 1
2318 11 8 1
2319 11 8 3
2320 11 8 3
2321 11 8 3
2322 11 8 3
2323 11 8 3
2324 101 8 1
2325 101 8 1
2326 101 8 1
2327 11 8 1
2328 11 8 1
2329 11 8 3
2330 11 8 3
2331 11 8 3
2332 11 8 3
2333 11 8 3
2334 11 8 3
2335 11 8 3
2336 11 8 3
2337 11 8 9
2338 11 8 9
2339 11 8 9
2340 11 8 9
2341 11 8 1
2342 11 8 1
2343 11 8 1
2344 11 8 1
2345 11 8 9
2346 11 8 9
2347 11 8 9
2348 11 8 1
2349 11 8 1
2350 11 8 1
2351 11 8 1
2352 16 8 1
2353 16 8 9
2354 16 8 9
2355 16 8 9
2356 11 8 9
2357 11 8 9
2358 11 8 9
2359 11 8 9
2360 159 155 9
2361 162 155 9
2362 162 155 9
2363 90 91 3
2364 90 91 3
2365 90 91 3
2366 90 91 1
2367 90 91 1
2368 90 91 1
2369 90 91 1
2370 90 91 3
2371 90 91 3
2372 90 91 3
2373 90 91 3
2374 90 91 3
2375 90 91 3
2376 90 91 3
2377 90 91 3
2378 90 91 3
2379 90 91 9
2380 90 91 9
2381 90 91 9
2382 6 61 3
2383 6 61 3
2384 90 61 1
2385 90 61 1
2386 90 61 1
2387 90 61 3
2388 6 61 3
2389 143 61 1
2390 41 90 15
2391 41 90 9
2392 41 90 100
2393 41 90 100
2394 41 90 100
2395 41 90 100
2396 41 90 100
2397 74 143 9
2398 74 143 1
2399 74 143 1
2400 74 143 1
2401 74 143 9
2402 74 143 9
2403 74 143 9
2404 74 143 100
2405 74 143 9
2406 90 143 9
2407 90 143 1
2408 90 143 1
2409 90 143 1
2410 74 143 1
2411 74 143 1
2412 74 143 1
2413 74 143 1
2414 74 143 1
2415 74 143 3
2416 74 143 3
2417 74 143 3
2418 74 143 3
2419 140 139 9
2420 140 139 9
2421 140 139 9
2422 140 139 1
2423 140 139 1
2424 140 139 1
2425 140 139 9
2426 140 139 9
2427 42 62 1
2428 42 62 1
2429 42 62 1
2430 42 62 1
2431 90 62 1
2432 90 62 1
2433 90 62 1
2434 90 62 1
2435 42 62 3
2436 42 62 3
2437 42 62 3
2438 42 62 3
2439 42 62 3
2440 42 62 3
2441 42 62 3
2442 42 62 3
2443 42 62 9
2444 42 62 9
2445 42 62 9
2446 42 62 1
2447 42 62 1
2448 42 62 1
2449 42 62 1
2450 42 62 9
2451 42 62 9
2452 42 62 9
2453 42 62 9
2454 137 148 15
2455 137 148 9
2456 143 52 1
2457 143 52 1
2458 143 52 1
2459 143 52 1
2460 6 52 3
2461 90 52 3
2462 90 52 3
2463 90 52 3
2464 90 52 9
2465 6 52 9
2466 6 52 9
2467 6 52 9
2468 7 8 1
2469 7 8 1
2470 7 8 1
2471 90 8 1
2472 90 8 1
2473 90 8 1
2474 90 8 1
2475 7 8 1
2476 7 8 15
2477 7 8 9
2478 7 8 9
2479 7 8 1
2480 7 8 1
2481 7 8 1
2482 7 8 9
2483 11 8 9
2484 11 8 9
2485 18 6 1
2486 18 6 1
2487 18 6 1
2488 18 6 1
2489 18 6 1
2490 18 6 1
2491 18 6 1
2492 90 6 1
2493 90 6 9
2494 90 6 9
2495 90 6 1
2496 18 6 1
2497 18 6 1
2498 18 6 1
2499 18 6 1
2500 18 6 1
2501 18 6 9
2502 18 6 9
2503 18 6 9
2504 18 6 1
2505 18 6 1
2506 90 6 1
2507 90 6 1
2508 90 6 1
2509 90 6 1
2510 18 6 1
2511 18 6 1
2512 18 6 9
2513 18 6 9
2514 18 6 1
2515 18 6 1
2516 18 6 9
2517 18 6 9
2518 18 6 9
2519 18 6 15
2520 94 89 9
2521 94 89 9
2522 94 89 9
2523 94 89 9
2524 94 89 9
2525 6 16 1
2526 6 16 1
2527 6 16 1
2528 6 16 1
2529 90 16 1
2530 90 16 1
2531 90 16 1
2532 90 16 1
2533 6 16 1
2534 6 16 1
2535 6 16 1
2536 6 16 1
2537 6 16 1
2538 6 16 1
2539 6 16 1
2540 6 16 1
2541 6 16 1
2542 6 16 1
2543 6 16 1
2544 6 16 1
2545 6 16 1
2546 6 16 1
2547 6 16 1
2548 6 16 1
2549 6 16 9
2550 6 16 9
2551 6 16 9
2552 6 16 9
2553 6 16 9
2554 55 16 1
2555 55 16 9
2556 94 16 9
2557 94 16 1
2558 94 16 1
2559 94 16 1
2560 94 16 1
2561 94 16 9
2562 55 16 9
2563 55 16 9
2564 55 16 9
2565 55 16 9
2566 55 16 9
2567 6 16 9
2568 6 16 9
2569 6 16 100
2570 6 16 9
2571 6 89 9
2572 41 43 1
2573 41 43 1
2574 41 43 1
2575 94 43 1
2576 94 43 1
2577 94 43 1
2578 41 43 1
2579 41 43 1
2580 41 43 15
2581 41 43 1
2582 41 43 9
2583 41 43 9
2584 156 162 1
2585 156 162 9
2586 156 162 9
2587 156 162 9
2588 42 39 1
2589 42 39 1
2590 42 39 1
2591 42 39 1
2592 42 39 1
2593 42 39 9
2594 42 39 9
2595 42 39 1
2596 5 18 9
2597 5 18 9
2598 5 18 9
2599 5 18 9
2600 55 62 3
2601 55 62 3
2602 55 62 3
2603 55 62 3
2604 55 62 3
2605 55 62 1
2606 55 62 3
2607 55 62 3
2608 75 74 1
2609 75 74 1
2610 75 74 1
2611 55 74 1
2612 55 74 1
2613 55 74 1
2614 75 74 1
2615 75 74 1
2616 75 74 15
2617 75 74 9
2618 75 74 9
2619 75 74 9
2620 75 74 9
2621 75 74 9
2622 75 74 9
2623 55 74 9
2624 55 74 9
2625 55 74 9
2626 75 74 9
2627 75 74 9
2628 75 74 9
2629 75 74 9
2630 75 74 9
2631 75 74 9
2632 75 74 9
2633 162 160 1
2634 162 111 1
2635 162 111 1
2636 162 111 1
2637 162 160 1
2638 162 160 1
2639 162 160 1
2640 162 160 1
2641 162 160 9
2642 162 160 9
2643 162 160 9
2644 162 160 9
2645 162 160 9
2646 162 160 9
2647 162 160 9
2648 55 160 9
2649 75 160 9
2650 75 160 1
2651 162 160 9
2652 162 160 9
2653 162 160 1
2654 162 160 1
2655 162 160 1
2656 162 160 1
2657 162 160 1
2658 162 160 1
2659 162 160 1
2660 162 160 1
2661 55 160 1
2662 75 160 1
2663 75 160 1
2664 162 160 1
2665 162 160 1
2666 162 160 1
2667 162 160 1
2668 162 160 1
2669 162 160 9
2670 111 160 9
2671 111 160 9
2672 111 160 9
2673 162 160 1
2674 162 160 9
2675 162 160 9
2676 11 16 1
2677 11 16 1
2678 11 16 1
2679 162 16 1
2680 162 16 1
2681 162 16 1
2682 11 16 1
2683 11 16 1
2684 11 16 9
2685 11 16 1
2686 11 16 9
2687 11 16 9
2688 11 16 1
2689 11 16 100
2690 11 16 1
2691 11 16 100
2692 6 64 1
2693 6 64 1
2694 11 64 1
2695 11 64 1
2696 11 64 1
2697 6 64 1
2698 6 64 1
2699 6 64 1
2700 42 61 9
2701 42 61 9
2702 42 61 9
2703 42 61 9
2704 42 61 1
2705 42 61 9
2706 42 61 9
2707 41 32 1
2708 41 32 1
2709 41 32 1
2710 42 32 1
2711 42 32 9
2712 42 32 1
2713 41 32 9
2714 41 32 9
2715 70 58 1
2716 70 58 1
2717 70 58 1
2718 70 58 1
2719 70 58 1
2720 70 58 1
2721 70 58 1
2722 70 58 1
2723 70 65 1
2724 70 65 1
2725 84 65 1
2726 84 65 1
2727 84 65 1
2728 84 65 1
2729 84 65 1
2730 84 65 1
2731 84 65 9
2732 84 65 9
2733 84 65 9
2734 84 65 1
2735 84 65 9
2736 84 65 9
2737 84 65 9
2738 10 6 1
2739 10 6 1
2740 10 6 1
2741 10 6 1
2742 10 6 1
2743 70 6 1
2744 70 6 1
2745 10 6 1
2746 10 6 1
2747 10 6 1
2748 84 6 1
2749 84 6 1
2750 84 6 1
2751 84 6 1
2752 10 6 1
2753 10 6 1
2754 11 6 9
2755 7 6 1
2756 7 6 9
2757 7 6 1
2758 7 6 9
2759 7 6 9
2760 7 6 9
2761 84 6 9
2762 84 6 1
2763 84 6 100
2764 84 6 1
2765 7 6 100
2766 7 6 9
2767 7 6 9
2768 7 6 1
2769 7 6 100
2770 7 6 9
2771 7 6 9
2772 7 6 9
2773 11 6 100
2774 11 6 100
2775 11 6 9
2776 7 6 9
2777 7 6 9
2778 143 123 1
2779 143 123 1
2780 143 123 1
2781 143 123 1
2782 143 123 1
2783 143 123 1
2784 143 123 1
2785 143 123 1
2786 7 123 1
2787 7 123 1
2788 7 123 1
2789 7 123 1
2790 7 123 1
2791 7 123 1
2792 7 123 1
2793 7 123 1
2794 143 123 15
2795 143 123 9
2796 143 123 15
2797 143 123 9
2798 143 123 9
2799 143 123 9
2800 143 123 9
2801 143 123 9
2802 143 123 1
2803 143 123 9
2804 143 123 9
2805 143 123 9
2806 143 123 9
2807 143 123 9
2808 143 123 9
2809 143 123 9
2810 143 123 9
2811 143 123 9
2812 143 123 9
2813 143 123 9
2814 7 123 9
2815 7 123 1
2816 7 123 9
2817 7 123 9
2818 7 123 9
2819 7 123 1
2820 143 123 9
2821 143 123 9
2822 143 123 9
2823 143 123 9
2824 143 123 9
2825 143 123 9
2826 143 123 100
2827 143 123 100
2828 143 123 9
2829 143 123 9
2830 143 123 9
2831 41 32 1
2832 41 32 9
2833 41 32 9
2834 41 32 1
2835 61 6 9
2836 62 64 9
2837 61 6 9
2838 61 64 9
2839 62 64 9
2840 124 123 9
2841 124 123 9
2842 124 123 9
2843 154 160 15
2844 154 160 9
2845 154 160 9
2846 41 160 9
2847 41 160 9
2848 41 160 9
2849 41 160 1
2850 154 160 9
2851 154 160 9
2852 154 160 9
2853 154 160 9
2854 154 160 9
2855 154 160 3
2856 154 160 3
2857 154 160 3
2858 154 160 3
2859 154 160 3
2860 154 160 3
2861 154 160 1
2862 154 160 3
2863 42 29 15
2864 8 9 9
2865 8 9 9
2866 8 9 1
2867 112 118 9
2868 112 118 9
2869 112 118 9
2870 112 118 9
2871 112 118 1
2872 112 118 1
2873 112 118 1
2874 112 118 1
2875 107 104 9
2876 107 104 9
2877 41 104 9
2878 41 104 9
2879 41 104 9
2880 107 104 9
2881 107 104 1
2882 107 104 9
2883 107 104 9
2884 107 104 9
2885 107 104 9
2886 74 78 15
2887 144 128 9
2888 144 128 9
2889 144 128 1
2890 41 128 9
2891 41 128 9
2892 41 128 9
2893 144 128 9
2894 144 128 9
2895 144 128 9
2896 144 128 9
2897 42 53 1
2898 42 53 9
2899 42 53 9
2900 42 53 9
2901 90 93 1
2902 90 93 9
2903 90 93 9
2904 90 93 1
2905 90 93 9
2906 90 93 9
2907 90 93 9
2908 111 143 1
2909 111 143 1
2910 111 143 1
2911 111 143 1
2912 111 143 1
2913 111 143 1
2914 111 143 1
2915 111 143 1
2916 111 143 9
2917 111 143 9
2918 111 143 9
2919 111 143 9
2920 111 143 100
2921 90 101 9
2922 90 101 1
2923 90 101 9
2924 90 101 9
2925 148 160 15
2926 100 97 9
2927 100 97 9
2928 100 97 9
2929 100 97 9
2930 154 162 1
2931 154 90 1
2932 154 90 1
2933 154 162 1
2934 154 162 1
2935 90 162 1
2936 90 162 1
2937 90 162 1
2938 90 162 1
2939 154 162 1
2940 154 162 1
2941 154 162 1
2942 154 162 1
2943 154 162 1
2944 154 162 1
2945 154 162 1
2946 154 162 9
2947 154 162 9
2948 154 162 9
2949 154 162 9
2950 150 129 9
2951 150 129 1
2952 150 129 1
2953 150 129 1
2954 90 129 1
2955 90 129 1
2956 90 129 1
2957 90 129 9
2958 150 129 9
2959 150 129 9
2960 150 129 9
2961 150 129 9
2962 150 129 9
2963 40 38 1
2964 40 38 1
2965 40 38 3
2966 40 38 3
2967 40 38 3
2968 40 38 3
2969 40 38 1
2970 29 38 1
2971 162 143 9
2972 162 143 9
2973 162 143 9
2974 162 143 9
2975 29 143 9
2976 29 143 9
2977 29 143 9
2978 162 143 9
2979 162 143 9
2980 162 143 9
2981 162 143 9
2982 162 143 9
2983 162 143 9
2984 162 143 1
2985 29 143 1
2986 40 143 1
2987 40 143 1
2988 40 143 1
2989 40 143 9
2990 40 143 9
2991 40 143 9
2992 162 143 9
2993 162 143 9
2994 162 143 9
2995 162 143 9
2996 162 143 9
2997 162 143 1
2998 40 143 1
2999 40 143 1
3000 40 143 1
3001 162 143 9
3002 162 143 9
3003 162 143 9
3004 162 143 9
3005 162 143 9
3006 162 143 9
3007 162 143 100
3008 40 143 100
3009 40 143 100
3010 40 143 1
3011 162 143 1
3012 162 143 1
3013 162 143 100
3014 162 143 100
3015 162 143 9
3016 162 143 9
3017 162 143 9
3018 162 143 9
3019 40 143 9
3020 140 143 9
3021 140 143 9
3022 40 143 9
3023 40 143 9
3024 40 143 9
3025 40 143 100
3026 162 143 9
3027 162 143 9
3028 162 143 9
3029 162 143 9
3030 162 143 100
3031 162 143 100
3032 7 174 1
3033 7 174 9
3034 7 174 9
3035 7 174 1
3036 123 174 1
3037 123 174 1
3038 123 174 9
3039 7 174 9
3040 7 174 9
3041 7 174 9
3042 40 174 1
3043 40 174 1
3044 40 174 1
3045 40 174 1
3046 40 174 1
3047 40 174 1
3048 40 174 1
3049 7 174 1
3050 7 174 1
3051 7 40 1
3052 7 40 1
3053 7 40 1
3054 7 40 1
3055 7 40 1
3056 7 40 1
3057 7 174 1
3058 7 174 1
3059 7 174 1
3060 7 174 1
3061 7 174 1
3062 7 174 1
3063 7 174 1
3064 7 174 1
3065 7 174 1
3066 7 40 9
3067 7 40 9
3068 7 174 9
3069 7 174 9
3070 7 174 9
3071 7 174 9
3072 7 174 1
3073 7 174 1
3074 7 174 1
3075 7 174 1
3076 7 174 9
3077 7 174 9
3078 7 174 1
3079 7 174 1
3080 7 174 9
3081 7 174 9
3082 7 174 100
3083 7 174 9
3084 7 174 9
3085 7 174 9
3086 161 160 3
3087 161 160 3
3088 7 160 3
3089 7 160 1
3090 7 160 1
3091 161 160 1
3092 161 160 1
3093 161 160 1
3094 89 52 1
3095 89 52 3
3096 89 52 3
3097 89 52 3
3098 89 52 3
3099 89 52 3
3100 89 52 3
3101 89 52 3
3102 143 112 100
3103 143 112 100
3104 143 112 100
3105 143 112 100
3106 6 55 1
3107 6 55 1
3108 6 55 1
3109 6 55 1
3110 6 55 1
3111 6 55 1
3112 89 55 1
3113 89 55 1
3114 6 55 1
3115 6 55 1
3116 6 55 9
3117 6 55 9
3118 6 55 9
3119 6 55 9
3120 6 55 1
3121 6 55 1
3122 6 55 3
3123 6 55 3
3124 4 55 3
3125 4 55 3
3126 4 55 3
3127 4 55 3
3128 6 55 3
3129 6 55 3
3130 6 55 9
3131 6 55 9
3132 6 55 1
3133 6 55 1
3134 6 55 1
3135 6 55 1
3136 6 55 9
3137 6 55 9
3138 6 55 9
3139 6 55 9
3140 6 55 9
3141 6 4 1
3142 6 4 1
3143 6 4 1
3144 6 4 1
3145 89 4 1
3146 89 4 1
3147 6 4 1
3148 6 4 1
3149 6 4 1
3150 6 4 9
3151 6 4 9
3152 6 4 9
3153 42 169 9
3154 42 169 9
3155 74 92 1
3156 74 92 1
3157 74 92 1
3158 89 92 1
3159 89 92 1
3160 74 92 1
3161 74 92 1
3162 74 92 1
3163 74 92 9
3164 74 92 9
3165 74 92 9
3166 57 6 1
3167 57 6 1
3168 57 6 1
3169 57 6 9
3170 126 107 9
3171 126 107 9
3172 126 107 3
3173 126 107 3
3174 99 98 3
3175 89 98 3
3176 89 98 9
3177 31 98 9
3178 31 98 9
3179 31 98 9
3180 31 98 1
3181 99 98 1
3182 99 98 1
3183 99 98 9
3184 31 11 9
3185 32 11 9
3186 32 11 3
3187 32 11 3
3188 32 11 3
3189 32 11 3
3190 32 11 9
3191 32 11 9
3192 140 143 9
3193 140 143 9
3194 140 143 9
3195 11 2 3
3196 11 2 1
3197 11 2 1
3198 11 2 1
3199 8 2 1
3200 8 2 3
3201 8 2 3
3202 8 2 3
3203 8 2 9
3204 11 2 9
3205 11 2 9
3206 11 2 1
3207 112 2 1
3208 112 2 1
3209 112 2 1
3210 112 2 1
3211 112 2 1
3212 11 2 1
3213 11 2 1
3214 11 2 9
3215 11 2 9
3216 11 2 9
3217 11 2 100
3218 119 112 1
3219 119 112 1
3220 11 112 1
3221 11 112 1
3222 11 112 1
3223 119 112 1
3224 119 112 1
3225 119 112 1
3226 119 112 1
3227 119 112 1
3228 119 112 1
3229 119 112 1
3230 119 112 1
3231 119 112 1
3232 119 112 1
3233 119 112 1
3234 119 112 1
3235 119 112 1
3236 119 112 1
3237 119 112 1
3238 119 112 1
3239 119 112 1
3240 119 112 1
3241 119 112 1
3242 119 112 1
3243 119 112 1
3244 119 112 1
3245 119 112 1
3246 119 112 1
3247 119 112 1
3248 119 112 9
3249 119 112 9
3250 119 112 9
3251 119 112 9
3252 7 11 1
3253 7 11 1
3254 119 11 1
3255 119 11 1
3256 119 11 1
3257 119 11 1
3258 7 11 1
3259 7 11 1
3260 7 11 15
3261 7 11 9
3262 7 11 15
3263 7 11 15
3264 7 11 15
3265 7 11 15
3266 7 11 9
3267 174 11 1
3268 174 11 1
3269 174 11 1
3270 174 11 1
3271 7 11 1
3272 7 11 1
3273 7 11 15
3274 7 11 15
3275 7 11 1
3276 129 11 1
3277 129 11 9
3278 129 11 9
3279 129 11 9
3280 129 11 45
3281 7 11 9
3282 7 11 9
3283 7 11 1
3284 7 11 1
3285 7 11 1
3286 7 11 9
3287 7 11 9
3288 7 11 9
3289 7 11 9
3290 129 133 1
3291 129 133 1
3292 129 133 1
3293 129 133 1
3294 129 133 1
3295 129 133 1
3296 7 133 1
3297 7 133 1
3298 7 133 15
3299 7 133 15
3300 7 133 15
3301 7 133 1
3302 7 133 1
3303 7 133 1
3304 129 133 1
3305 129 133 1
3306 129 133 1
3307 129 133 1
3308 129 133 1
3309 129 133 1
3310 129 133 1
3311 129 133 1
3312 129 133 1
3313 129 133 1
3314 129 133 15
3315 129 133 9
3316 57 22 1
3317 57 22 1
3318 57 22 1
3319 57 22 1
3320 129 22 1
3321 129 22 1
3322 129 22 1
3323 129 22 1
3324 57 59 1
3325 57 59 1
3326 57 59 1
3327 57 59 1
3328 57 59 1
3329 57 59 1
3330 57 59 1
3331 57 59 1
3332 57 59 9
3333 57 59 9
3334 57 59 9
3335 57 59 9
3336 57 59 9
3337 57 59 9
3338 156 154 3
3339 156 154 3
3340 156 154 3
3341 156 154 3
3342 156 154 3
3343 156 154 3
3344 156 154 1
3345 156 154 1
3346 57 154 1
3347 57 154 1
3348 57 154 3
3349 156 154 3
3350 156 154 3
3351 156 154 3
3352 156 154 3
3353 156 154 3
3354 156 154 3
3355 156 154 3
3356 156 154 3
3357 156 154 1
3358 156 154 1
3359 156 57 1
3360 156 57 1
3361 156 57 3
3362 156 154 3
3363 153 154 3
3364 153 154 3
3365 153 154 3
3366 156 154 3
3367 156 154 3
3368 107 74 9
3369 107 74 9
3370 107 74 1
3371 107 74 1
3372 107 74 1
3373 107 74 1
3374 107 74 1
3375 107 74 9
3376 126 162 1
3377 126 162 9
3378 126 162 9
3379 126 162 9
3380 90 111 1
3381 90 111 1
3382 90 111 1
3383 90 111 1
3384 90 111 1
3385 90 111 1
3386 90 111 1
3387 90 111 1
3388 90 111 15
3389 90 111 9
3390 90 111 9
3391 90 111 1
3392 90 111 1
3393 90 111 1
3394 90 111 1
3395 90 111 9
3396 41 77 1
3397 41 77 9
3398 41 77 9
3399 41 77 9
3400 96 94 9
3401 129 162 1
3402 129 162 1
3403 90 162 1
3404 90 162 1
3405 90 162 1
3406 90 162 1
3407 129 162 1
3408 129 162 1
3409 129 162 9
3410 129 162 9
3411 129 162 1
3412 129 162 1
3413 75 76 1
3414 75 76 1
3415 75 76 9
3416 75 76 9
3417 75 76 9
3418 75 76 9
3419 11 6 1
3420 11 6 1
3421 11 6 1
3422 75 6 1
3423 75 6 1
3424 75 6 1
3425 75 6 1
3426 75 6 1
3427 75 6 1
3428 75 6 1
3429 75 6 1
3430 11 6 1
3431 11 6 1
3432 11 6 1
3433 11 6 1
3434 11 6 1
3435 11 6 1
3436 11 6 1
3437 11 6 1
3438 11 6 1
3439 11 6 1
3440 11 6 1
3441 11 6 1
3442 11 6 1
3443 11 6 9
3444 11 6 9
3445 11 6 9
3446 11 6 15
3447 11 6 9
3448 11 6 1
3449 11 6 1
3450 11 6 1
3451 11 6 9
3452 11 6 9
3453 11 6 15
3454 11 6 9
3455 11 6 9
3456 11 6 9
3457 11 6 1
3458 11 6 1
3459 11 6 1
3460 11 6 1
3461 11 6 1
3462 11 6 9
3463 11 6 9
3464 11 6 9
3465 11 6 1
3466 11 6 1
3467 11 6 1
3468 11 6 1
3469 11 6 1
3470 11 6 1
3471 11 6 1
3472 11 6 1
3473 11 6 3
3474 11 6 3
3475 11 6 3
3476 11 6 3
3477 11 6 3
3478 11 6 3
3479 11 6 1
3480 11 6 1
3481 11 6 1
3482 11 6 1
3483 11 6 1
3484 11 6 1
3485 133 6 3
3486 133 6 3
3487 133 6 3
3488 133 6 3
3489 133 6 9
3490 133 6 9
3491 11 6 9
3492 11 6 9
3493 11 6 1
3494 11 6 1
3495 11 6 1
3496 11 6 9
3497 11 6 9
3498 11 6 9
3499 11 6 100
3500 11 6 1
3501 11 6 1
3502 11 6 1
3503 11 6 100
3504 11 6 100
3505 133 112 1
3506 133 112 1
3507 6 112 1
3508 6 112 1
3509 6 112 1
3510 6 112 1
3511 6 112 1
3512 133 112 1
3513 133 112 15
3514 133 112 9
3515 133 112 9
3516 133 112 9
3517 133 112 1
3518 133 112 1
3519 133 112 1
3520 133 112 1
3521 133 112 9
3522 133 112 9
3523 133 112 9
3524 133 112 9
3525 99 74 15
3526 99 74 9
3527 99 74 9
3528 99 74 9
3529 99 74 9
3530 99 74 9
3531 99 74 1
3532 99 74 9
3533 99 74 9
3534 99 74 1
3535 99 74 1
3536 99 74 1
3537 99 74 1
3538 99 74 9
3539 99 74 9
3540 41 70 1
3541 41 70 1
3542 41 70 1
3543 41 70 1
3544 41 70 9
3545 41 70 9
3546 41 70 9
3547 96 6 1
3548 166 9 9
3549 166 9 9
3550 166 9 1
3551 166 9 9
3552 56 55 9
3553 119 55 9
3554 119 55 9
3555 119 55 9
3556 84 74 1
3557 99 74 1
3558 99 74 1
3559 99 74 9
3560 99 74 9
3561 99 74 9
3562 84 74 1
3563 84 74 9
3564 84 74 9
3565 84 74 9
3566 137 162 1
3567 137 162 9
3568 137 162 9
3569 137 162 9
3570 63 65 9
3571 137 65 1
3572 137 65 9
3573 137 65 9
3574 137 65 1
3575 137 65 9
3576 137 65 9
3577 63 65 9
3578 63 65 9
3579 63 65 9
3580 63 65 9
3581 41 165 1
3582 41 165 1
3583 41 165 9
3584 41 165 9
3585 41 165 9
3586 90 118 1
3587 90 118 1
3588 90 118 1
3589 90 118 15
3590 90 118 15
3591 90 118 15
3592 90 118 1
3593 90 118 1
3594 90 118 9
3595 90 118 9
3596 90 118 9
3597 90 116 1
3598 90 116 9
3599 90 116 9
3600 90 116 9
3601 90 104 1
3602 90 104 1
3603 90 104 9
3604 90 104 9
3605 90 104 9
3606 6 10 1
3607 6 10 1
3608 6 10 1
3609 6 10 1
3610 90 10 1
3611 90 10 1
3612 90 10 1
3613 90 10 1
3614 6 10 1
3615 11 10 1
3616 11 10 1
3617 11 10 1
3618 11 10 1
3619 11 10 1
3620 11 10 1
3621 11 10 1
3622 11 10 1
3623 11 10 1
3624 11 10 1
3625 11 10 1
3626 11 10 1
3627 11 10 1
3628 11 10 1
3629 11 10 1
3630 11 10 1
3631 11 10 1
3632 11 10 1
3633 11 10 1
3634 11 10 1
3635 11 10 1
3636 11 10 1
3637 11 10 1
3638 57 10 1
3639 57 10 1
3640 57 10 1
3641 57 10 1
3642 57 10 1
3643 57 10 1
3644 11 10 9
3645 57 10 9
3646 22 10 9
3647 22 10 9
3648 22 10 9
3649 11 10 9
3650 59 63 1
3651 59 63 1
3652 11 63 9
3653 11 63 9
3654 11 63 9
3655 11 63 9
3656 59 63 9
3657 57 63 9
3658 57 63 100
3659 71 65 9
3660 71 65 9
3661 71 65 9
3662 71 65 9
3663 117 143 100
3664 117 143 100
3665 117 143 100
3666 117 143 100
3667 42 70 1
3668 71 70 1
3669 71 70 1
3670 71 70 1
3671 71 70 1
3672 71 70 1
3673 42 70 1
3674 42 70 1
3675 42 70 9
3676 42 70 9
3677 42 70 9
3678 42 70 9
3679 42 70 9
3680 42 70 9
3681 42 70 9
3682 75 90 1
3683 75 90 9
3684 75 90 9
3685 75 90 9
3686 98 97 1
3687 98 97 1
3688 98 97 1
3689 71 97 1
3690 71 97 9
3691 71 97 9
3692 71 97 9
3693 98 97 9
3694 98 97 9
3695 98 97 1
3696 98 97 1
3697 98 97 1
3698 98 97 1
3699 98 97 1
3700 98 97 9
3701 71 97 9
3702 71 97 9
3703 71 97 9
3704 98 97 9
3705 98 97 9
3706 98 97 9
3707 118 116 1
3708 118 116 1
3709 118 116 1
3710 71 116 1
3711 71 116 1
3712 71 116 1
3713 118 116 1
3714 118 116 1
3715 118 116 9
3716 118 116 9
3717 118 116 9
3718 118 116 9
3719 90 119 1
3720 90 119 1
3721 90 119 9
3722 90 119 9
3723 90 119 9
3724 153 152 1
3725 153 152 1
3726 153 152 1
3727 153 152 1
3728 118 152 9
3729 118 152 9
3730 118 152 9
3731 118 152 9
3732 153 152 9
3733 153 152 9
3734 6 29 1
3735 6 29 1
3736 6 29 1
3737 112 29 1
3738 112 29 1
3739 112 29 1
3740 112 29 1
3741 112 29 1
3742 112 29 9
3743 6 29 9
3744 6 29 9
3745 96 112 1
3746 96 112 1
3747 96 112 1
3748 6 112 1
3749 6 112 1
3750 6 112 1
3751 6 112 1
3752 6 112 1
3753 96 112 15
3754 96 112 9
3755 96 112 9
3756 96 112 9
3757 96 112 9
3758 77 78 1
3759 96 78 1
3760 96 78 1
3761 96 78 1
3762 96 78 1
3763 96 78 1
3764 96 78 1
3765 96 78 1
3766 96 78 9
3767 96 78 9
3768 132 78 9
3769 132 78 9
3770 132 78 9
3771 132 143 3
3772 132 143 3
3773 132 143 3
3774 132 143 3
3775 132 143 3
3776 132 143 3
3777 132 143 3
3778 132 143 3
3779 150 162 1
3780 150 162 9
3781 150 162 9
3782 150 162 9
3783 150 162 9
3784 150 162 9
3785 150 162 9
3786 150 162 9
3787 172 173 9
3788 172 173 9
3789 172 173 9
3790 16 22 1
3791 150 22 1
3792 150 22 1
3793 150 22 1
3794 150 22 9
3795 16 22 9
3796 16 22 9
3797 16 55 1
3798 16 55 1
3799 16 55 9
3800 16 55 9
3801 16 55 1
3802 152 157 1
3803 152 157 1
3804 159 157 9
3805 42 96 9
3806 21 23 3
3807 152 23 3
3808 152 23 3
3809 152 23 3
3810 152 23 3
3811 152 23 3
3812 152 23 3
3813 21 23 3
3814 21 23 9
3815 131 38 9
3816 131 38 9
3817 131 38 9
3818 131 38 9
3819 131 6 1
3820 131 6 1
3821 131 6 1
3822 131 6 1
3823 78 6 1
3824 78 6 1
3825 78 6 1
3826 131 6 1
3827 131 6 1
3828 42 6 1
3829 42 6 1
3830 42 6 1
3831 42 6 1
3832 61 6 1
3833 61 6 1
3834 131 6 1
3835 131 6 9
3836 131 6 1
3837 131 6 1
3838 131 6 1
3839 131 6 9
3840 131 6 9
3841 61 6 1
3842 61 6 1
3843 61 6 1
3844 61 6 1
3845 42 6 1
3846 78 6 1
3847 78 6 1
3848 78 6 1
3849 131 6 1
3850 131 6 1
3851 131 6 1
3852 42 6 1
3853 42 6 1
3854 42 6 1
3855 42 6 1
3856 42 6 1
3857 42 6 1
3858 42 6 1
3859 42 6 1
3860 42 6 1
3861 131 6 1
3862 131 6 1
3863 131 6 1
3864 131 6 1
3865 131 6 1
3866 42 6 1
3867 42 6 1
3868 42 6 1
3869 42 6 1
3870 42 6 1
3871 131 6 3
3872 131 6 3
3873 131 6 1
3874 131 6 1
3875 131 6 1
3876 131 6 3
3877 42 6 3
3878 42 6 3
3879 42 6 9
3880 42 6 9
3881 131 6 9
3882 131 6 9
3883 131 6 9
3884 131 6 9
3885 131 6 1
3886 131 6 1
3887 42 6 1
3888 42 6 1
3889 42 6 9
3890 78 6 9
3891 78 6 9
3892 78 6 9
3893 42 6 9
3894 42 6 9
3895 42 6 9
3896 42 6 9
3897 42 6 9
3898 42 6 9
3899 42 6 1
3900 42 6 1
3901 42 6 100
3902 42 6 100
3903 42 6 100
3904 42 6 1
3905 42 6 1
3906 42 6 1
3907 78 6 100
3908 78 6 100
3909 78 6 1
3910 42 6 1
3911 42 6 9
3912 42 6 9
3913 42 6 9
3914 42 6 9
3915 42 6 9
3916 42 6 9
3917 42 6 9
3918 42 6 9
3919 42 6 9
3920 42 6 1
3921 42 6 1
3922 42 6 1
3923 42 6 1
3924 42 6 9
3925 42 6 9
3926 42 6 9
3927 42 6 9
3928 42 6 9
3929 11 6 9
3930 11 6 1
3931 11 6 1
3932 11 6 1
3933 11 6 1
3934 11 6 9
3935 7 6 100
3936 7 6 100
3937 57 6 100
3938 57 6 1
3939 57 6 1
3940 57 6 9
3941 42 6 9
3942 42 6 1
3943 90 6 1
3944 90 6 1
3945 90 6 9
3946 90 6 9
3947 42 6 9
3948 42 6 100
3949 42 6 100
3950 7 16 9
3951 7 16 9
3952 7 16 1
3953 7 16 9
3954 7 16 9
3955 7 16 9
3956 7 16 1
3957 16 4 9
3958 16 4 9
3959 16 4 9
3960 5 143 45
3961 5 143 45
3962 90 6 9
3963 90 6 9
3964 90 6 9
3965 90 6 1
3966 90 6 9
3967 90 6 9
3968 90 6 9
3969 90 6 9
3970 90 6 9
3971 90 6 9
3972 90 6 100
3973 90 6 100
3974 6 65 1
3975 6 65 100
3976 6 65 100
3977 6 65 100
3978 41 62 3
3979 41 62 3
3980 41 62 3
3981 41 62 3
3982 41 62 3
3983 6 62 1
3984 6 62 3
3985 6 62 3
3986 6 62 9
3987 6 62 1
3988 6 62 9
3989 6 57 1
3990 42 57 1
3991 42 57 1
3992 42 57 1
3993 42 57 1
3994 42 57 1
3995 42 57 1
3996 42 57 1
3997 42 57 3
3998 42 57 3
3999 42 57 3
4000 42 57 3
4001 6 57 1
4002 6 57 3
4003 6 57 3
4004 6 57 3
4005 6 57 1
4006 6 57 1
4007 6 57 1
4008 6 57 1
4009 6 57 1
4010 6 57 1
4011 6 57 9
4012 6 57 1
4013 6 57 1
4014 6 57 1
4015 6 57 1
4016 6 57 1
4017 42 57 3
4018 42 57 3
4019 42 57 1
4020 42 57 3
4021 42 57 9
4022 42 57 9
4023 42 57 9
4024 42 57 100
4025 41 31 3
4026 41 31 1
4027 41 31 3
4028 41 31 3
4029 42 31 3
4030 42 31 3
4031 42 31 3
4032 41 31 3
4033 41 31 9
4034 41 31 1
4035 41 31 9
4036 151 152 9
4037 151 152 9
4038 151 152 9
4039 42 152 1
4040 42 152 9
4041 42 152 1
4042 151 152 9
4043 42 152 9
4044 42 152 9
4045 42 152 9
4046 1 16 1
4047 1 16 9
4048 1 16 1
4049 1 16 1
4050 96 116 3
4051 96 116 1
4052 96 116 3
4053 151 116 3
4054 151 116 3
4055 151 116 3
4056 151 116 3
4057 96 116 3
4058 96 116 9
4059 96 116 9
4060 96 116 1
4061 96 116 9
4062 151 116 9
4063 151 116 9
4064 151 116 9
4065 151 116 9
4066 96 116 9
4067 96 116 9
4068 96 116 9
4069 90 96 1
4070 90 96 1
4071 90 96 1
4072 90 96 1
4073 151 96 1
4074 151 96 1
4075 151 96 1
4076 151 96 1
4077 90 96 1
4078 90 96 1
4079 90 96 1
4080 90 96 1
4081 90 96 1
4082 90 96 1
4083 151 96 1
4084 151 96 1
4085 151 96 1
4086 151 96 1
4087 90 96 1
4088 6 96 1
4089 6 96 1
4090 6 96 1
4091 6 96 1
4092 90 96 1
4093 90 96 9
4094 90 96 9
4095 90 96 9
4096 90 96 9
4097 90 96 9
4098 90 96 1
4099 90 96 9
4100 90 96 9
4101 74 96 9
4102 74 96 9
4103 74 96 9
4104 74 96 9
4105 74 96 9
4106 74 96 9
4107 90 96 1
4108 90 96 9
4109 90 96 9
4110 90 96 9
4111 90 96 100
4112 90 96 100
4113 90 96 100
4114 74 118 1
4115 74 118 1
4116 74 118 1
4117 74 118 1
4118 74 118 1
4119 74 118 1
4120 74 118 1
4121 74 118 1
4122 74 118 9
4123 74 118 1
4124 74 118 9
4125 103 102 9
4126 103 102 9
4127 103 102 9
4128 103 102 9
4129 42 71 9
4130 42 71 9
4131 42 71 1
4132 42 71 9
4133 20 6 1
4134 96 6 1
4135 96 6 9
4136 96 6 9
4137 96 6 9
4138 74 6 1
4139 20 6 9
4140 20 6 9
4141 22 31 3
4142 22 31 3
4143 22 31 3
4144 22 31 1
4145 22 31 1
4146 22 31 1
4147 22 31 3
4148 22 31 3
4149 166 11 9
4150 166 11 9
4151 74 11 1
4152 74 11 9
4153 74 128 1
4154 74 128 1
4155 74 128 1
4156 162 128 1
4157 162 128 1
4158 162 128 1
4159 162 128 1
4160 162 128 1
4161 162 128 1
4162 74 128 1
4163 74 128 9
4164 74 128 1
4165 162 128 9
4166 162 128 100
4167 162 128 100
4168 162 128 100
4169 162 128 100
4170 162 128 100
4171 32 39 3
4172 32 39 3
4173 32 39 3
4174 32 39 1
4175 32 39 3
4176 32 39 3
4177 32 39 3
4178 32 39 3
4179 170 143 1
4180 170 143 9
4181 170 143 1
4182 170 143 9
4183 154 159 1
4184 154 159 1
4185 154 159 1
4186 154 159 1
4187 74 159 1
4188 74 159 1
4189 74 159 1
4190 74 159 1
4191 74 159 1
4192 74 159 1
4193 154 159 1
4194 154 159 1
4195 154 159 1
4196 154 159 1
4197 154 159 1
4198 154 159 1
4199 154 159 1
4200 154 159 1
4201 154 159 1
4202 154 159 1
4203 6 159 1
4204 6 159 1
4205 6 159 1
4206 154 159 1
4207 154 159 1
4208 154 159 1
4209 154 159 1
4210 154 159 1
4211 154 159 1
4212 154 159 1
4213 154 159 1
4214 154 159 1
4215 154 159 1
4216 154 159 1
4217 154 159 1
4218 154 159 1
4219 154 159 1
4220 154 159 1
4221 6 24 1
4222 57 24 1
4223 57 24 1
4224 57 24 1
4225 57 24 1
4226 57 24 1
4227 57 24 1
4228 6 24 1
4229 6 24 9
4230 6 24 1
4231 6 24 9
4232 41 46 1
4233 41 46 1
4234 41 46 1
4235 41 46 1
4236 6 46 1
4237 6 46 1
4238 6 46 1
4239 6 46 1
4240 6 46 9
4241 6 46 9
4242 6 46 9
4243 41 46 9
4244 41 46 1
4245 70 46 9
4246 70 46 9
4247 70 46 9
4248 70 46 9
4249 6 46 9
4250 6 46 9
4251 6 74 1
4252 6 74 1
4253 6 74 1
4254 6 74 9
4255 94 74 1
4256 94 74 9
4257 94 74 9
4258 94 74 1
4259 94 74 1
4260 94 74 1
4261 94 74 9
4262 94 74 9
4263 94 74 9
4264 94 74 1
4265 94 74 9
4266 94 74 9
4267 46 17 1
4268 46 17 1
4269 46 17 1
4270 46 17 1
4271 6 17 1
4272 6 17 1
4273 6 17 1
4274 6 17 1
4275 6 17 9
4276 141 162 9
4277 141 162 9
4278 141 162 1
4279 55 65 9
4280 55 65 9
4281 55 65 9
4282 42 65 9
4283 117 118 3
4284 117 118 1
4285 117 118 3
4286 117 118 3
4287 117 118 3
4288 94 118 3
4289 117 118 3
4290 117 118 3
4291 20 29 9
4292 20 29 9
4293 20 29 1
4294 20 29 9
4295 20 29 9
4296 20 29 9
4297 94 29 9
4298 20 29 9
4299 42 164 1
4300 42 164 1
4301 42 164 1
4302 42 164 15
4303 42 164 1
4304 42 164 15
4305 42 164 15
4306 42 164 1
4307 129 148 1
4308 129 148 1
4309 129 148 1
4310 42 148 1
4311 42 148 1
4312 129 148 1
4313 129 148 1
4314 129 148 1
4315 10 9 9
4316 10 9 1
4317 10 9 9
4318 10 9 9
4319 10 9 15
4320 11 9 15
4321 11 9 9
4322 11 9 9
4323 11 9 9
4324 11 9 9
4325 61 6 3
4326 61 6 1
4327 61 6 3
4328 11 62 3
4329 11 62 3
4330 11 62 3
4331 11 62 3
4332 11 62 3
4333 91 65 3
4334 91 65 3
4335 91 65 1
4336 91 65 15
4337 91 65 15
4338 91 65 15
4339 91 65 15
4340 156 65 3
4341 156 65 3
4342 156 65 3
4343 156 65 1
4344 91 65 3
4345 91 65 3
4346 91 65 3
4347 91 65 3
4348 91 65 3
4349 156 143 1
4350 156 143 9
4351 156 143 9
4352 156 143 9
4353 156 143 1
4354 156 143 9
4355 156 143 9
4356 162 112 100
4357 42 55 1
4358 42 55 1
4359 42 55 1
4360 42 55 1
4361 42 55 15
4362 42 55 15
4363 42 55 1
4364 42 55 15
4365 57 61 15
4366 57 61 1
4367 42 61 1
4368 42 61 1
4369 42 61 1
4370 42 61 1
4371 57 61 1
4372 57 61 1
4373 57 61 9
4374 57 61 9
4375 57 61 1
4376 57 61 9
4377 57 61 9
4378 41 69 1
4379 41 69 9
4380 41 69 9
4381 41 69 9
4382 131 132 3
4383 131 132 1
4384 131 132 3
4385 41 132 3
4386 41 132 3
4387 41 132 3
4388 41 132 1
4389 131 132 3
4390 131 132 15
4391 131 132 15
4392 131 132 1
4393 131 132 15
4394 41 132 15
4395 41 132 15
4396 41 132 15
4397 41 132 15
4398 41 132 15
4399 41 132 15
4400 131 132 15
4401 131 132 1
4402 41 132 3
4403 41 132 3
4404 41 132 3
4405 131 132 3
4406 131 132 3
4407 41 132 3
4408 41 132 3
4409 41 132 3
4410 41 132 3
4411 131 132 1
4412 148 163 3
4413 148 163 3
4414 148 163 3
4415 148 163 3
4416 41 163 3
4417 41 163 3
4418 41 163 3
4419 41 163 3
4420 148 163 1
4421 148 164 1
4422 148 164 1
4423 148 164 1
4424 148 163 9
4425 148 163 1
4426 148 163 9
4427 148 163 9
4428 89 65 1
4429 89 65 1
4430 89 65 1
4431 41 65 15
4432 41 65 15
4433 41 65 15
4434 41 65 1
4435 89 65 1
4436 89 65 9
4437 89 65 9
4438 89 65 9
4439 89 65 9
4440 11 29 1
4441 89 29 1
4442 89 29 1
4443 89 29 1
4444 89 29 1
4445 89 29 1
4446 89 29 1
4447 89 29 1
4448 89 29 1
4449 89 29 1
4450 89 29 1
4451 11 29 9
4452 11 29 9
4453 11 29 9
4454 11 29 9
4455 11 29 9
4456 11 29 9
4457 11 29 1
4458 11 29 9
4459 11 29 9
4460 11 29 9
4461 90 97 9
4462 90 97 1
4463 11 97 1
4464 11 97 1
4465 11 97 1
4466 11 97 1
4467 90 97 1
4468 90 97 1
4469 90 97 1
4470 90 97 9
4471 90 97 9
4472 11 97 1
4473 11 97 9
4474 11 97 9
4475 11 97 9
4476 90 97 9
4477 90 97 9
4478 133 132 9
4479 90 132 9
4480 90 132 15
4481 90 132 15
4482 90 132 15
4483 90 132 15
4484 90 132 1
4485 90 132 15
4486 133 132 15
4487 133 132 9
4488 96 89 9
4489 101 117 9
4490 101 117 15
4491 101 117 15
4492 101 117 15
4493 96 113 15
4494 96 113 9
4495 96 113 9
4496 96 113 1
4497 111 112 9
4498 111 112 9
4499 111 112 9
4500 111 112 9
4501 148 162 1
4502 148 162 1
4503 148 162 1
4504 111 162 1
4505 111 162 1
4506 111 162 1
4507 111 162 1
4508 111 162 1
4509 111 162 1
4510 148 162 1
4511 111 162 1
4512 111 162 1
4513 111 162 1
4514 111 162 1
4515 111 162 1
4516 111 162 1
4517 111 162 9
4518 148 162 9
4519 148 162 15
4520 148 162 15
4521 111 162 1
4522 111 162 15
4523 111 162 15
4524 111 162 15
4525 111 162 9
4526 111 162 9
4527 111 162 9
4528 148 162 9
4529 148 162 9
4530 164 90 15
4531 164 90 1
4532 53 61 15
4533 53 61 9
4534 42 40 1
4535 42 40 1
4536 42 40 9
4537 42 40 9
4538 42 40 9
4539 41 57 1
4540 41 57 1
4541 41 57 1
4542 41 57 9
4543 41 57 15
4544 163 57 1
4545 163 57 15
4546 163 57 15
4547 163 57 9
4548 41 57 9
4549 41 57 100
4550 83 74 1
4551 83 74 1
4552 41 74 9
4553 41 74 15
4554 41 74 15
4555 41 57 1
4556 56 57 15
4557 56 57 15
4558 56 57 9
4559 156 155 9
4560 156 155 15
4561 131 129 1
4562 131 129 3
4563 56 129 15
4564 56 129 1
4565 132 129 1
4566 132 129 1
4567 56 129 1
4568 56 129 1
4569 56 129 1
4570 56 129 1
4571 56 129 1
4572 56 129 1
4573 131 129 9
4574 131 129 9
4575 131 129 9
4576 131 129 3
4577 131 129 9
4578 131 129 1
4579 131 129 9
4580 131 129 9
4581 131 129 9
4582 131 129 9
4583 131 129 3
4584 131 129 3
4585 131 129 1
4586 131 129 3
4587 131 129 3
4588 131 129 3
4589 131 129 3
4590 131 129 3
4591 57 62 9
4592 57 62 9
4593 57 62 1
4594 57 62 9
4595 41 29 1
4596 131 29 1
4597 131 29 1
4598 131 29 1
4599 131 29 1
4600 131 29 1
4601 131 29 1
4602 41 29 1
4603 41 29 9
4604 41 29 1
4605 41 29 9
4606 41 29 9
4607 91 92 1
4608 91 92 1
4609 91 92 1
4610 91 92 1
4611 122 123 9
4612 122 123 1
4613 122 123 9
4614 122 123 9
4615 117 116 15
4616 115 116 9
4617 115 116 9
4618 115 116 9
4619 74 104 1
4620 41 104 1
4621 41 104 1
4622 41 104 1
4623 41 104 9
4624 74 104 1
4625 74 104 9
4626 74 104 9
4627 74 104 9
4628 74 104 9
4629 150 143 1
4630 150 143 9
4631 150 143 9
4632 150 143 9
4633 41 11 3
4634 41 11 1
4635 41 11 3
4636 41 11 3
4637 41 11 3
4638 41 11 1
4639 29 11 3
4640 29 11 3
4641 29 11 100
4642 42 60 1
4643 42 60 1
4644 42 60 1
4645 42 60 9
4646 42 60 9
4647 42 60 9
4648 133 143 1
4649 133 143 1
4650 133 143 100
4651 133 143 100
4652 138 143 100
4653 138 143 100
4654 138 143 100
4655 133 97 9
4656 119 116 9
4657 119 116 9
4658 119 116 1
4659 119 116 9
4660 5 16 9
4661 133 16 1
4662 133 16 9
4663 133 16 9
4664 133 16 9
4665 133 16 9
4666 133 16 15
4667 133 16 15
4668 133 16 15
4669 133 16 15
4670 133 16 15
4671 133 16 15
4672 133 16 15
4673 133 16 15
4674 133 16 9
4675 133 16 9
4676 5 16 9
4677 5 16 9
4678 5 16 9
4679 5 16 9
4680 5 16 3
4681 143 16 3
4682 143 16 1
4683 143 16 1
4684 143 16 1
4685 143 16 3
4686 143 16 1
4687 143 16 1
4688 143 16 1
4689 143 16 1
4690 143 16 9
4691 5 16 9
4692 5 16 9
4693 5 16 9
4694 5 16 9
4695 6 2 1
4696 6 2 1
4697 6 2 1
4698 6 2 1
4699 6 2 3
4700 6 2 3
4701 6 2 3
4702 6 2 15
4703 6 2 15
4704 6 2 15
4705 6 2 1
4706 6 2 1
4707 6 2 1
4708 6 2 15
4709 6 2 3
4710 6 2 3
4711 6 2 3
4712 6 2 3
4713 6 2 3
4714 6 2 3
4715 6 2 1
4716 6 2 1
4717 6 2 1
4718 6 2 1
4719 6 2 9
4720 6 2 9
4721 6 2 9
4722 6 2 100
4723 101 116 15
4724 162 132 3
4725 162 132 3
4726 162 132 1
4727 162 132 1
4728 162 132 1
4729 162 132 3
4730 162 132 3
4731 162 132 3
4732 32 29 9
4733 32 29 9
4734 32 29 9
4735 32 29 9
4736 133 29 9
4737 133 29 9
4738 32 29 9
4739 32 29 9
4740 32 29 1
4741 53 6 9
4742 53 6 9
4743 53 6 9
4744 53 6 9
4745 74 91 1
4746 74 91 1
4747 74 91 1
4748 74 91 1
4749 74 91 9
4750 74 91 9
4751 74 91 9
4752 138 143 1
4753 137 143 1
4754 137 143 9
4755 137 143 9
4756 137 143 9
4757 29 6 9
4758 41 6 1
4759 41 6 1
4760 41 6 1
4761 41 6 1
4762 41 6 9
4763 41 6 100
4764 74 6 100
4765 74 6 100
4766 74 6 100
4767 74 6 100
4768 74 39 1
4769 74 39 1
4770 74 43 15
4771 64 53 15
4772 64 65 15
4773 74 65 1
4774 74 65 1
4775 74 65 1
4776 74 65 1
4777 74 65 1
4778 74 65 1
4779 74 65 1
4780 74 65 1
4781 74 65 3
4782 74 65 3
4783 74 65 3
4784 74 65 3
4785 74 65 3
4786 74 65 3
4787 74 65 3
4788 64 65 3
4789 64 65 9
4790 64 65 9
4791 64 65 9
4792 64 65 9
4793 64 65 9
4794 90 64 3
4795 90 64 1
4796 90 64 1
4797 90 64 1
4798 90 64 1
4799 90 64 3
4800 90 64 3
4801 90 64 3
4802 74 64 1
4803 74 64 1
4804 74 64 1
4805 74 64 1
4806 74 64 1
4807 74 64 1
4808 74 64 15
4809 11 17 9
4810 151 162 9
4811 151 162 9
4812 151 162 9
