4812
1 8 2 2
2 5 7 2
3 5 7 2
4 5 7 2
5 2 7 2
6 2 7 2
7 2 7 2
8 5 7 2
9 38 7 8
10 38 7 8
11 38 7 8
12 5 7 8
13 5 7 8
14 5 7 8
15 5 7 8
16 5 7 8
17 5 7 8
18 5 7 8
19 5 7 8
20 5 7 8
21 5 7 8
22 5 7 8
23 5 58 2
24 5 58 2
25 2 58 2
26 38 58 8
27 38 58 8
28 38 58 2
29 38 58 2
30 38 58 2
31 133 94 2
32 133 94 2
33 4 94 2
34 4 94 2
35 4 94 2
36 133 94 2
37 133 94 2
38 133 94 2
39 42 74 8
40 42 74 8
41 42 74 2
42 42 74 2
43 5 74 2
44 5 74 2
45 5 74 2
46 42 74 2
47 42 74 2
48 42 74 2
49 42 74 8
50 42 74 8
51 42 74 8
52 5 74 85
53 5 74 85
54 5 74 85
55 5 74 85
56 5 74 85
57 5 74 85
58 42 74 85
59 42 74 85
60 42 74 85
61 42 74 85
62 5 24 2
63 6 24 2
64 6 24 2
65 6 24 2
66 6 24 2
67 6 24 2
68 74 24 2
69 74 24 2
70 74 24 8
71 74 24 8
72 74 24 8
73 57 55 8
74 57 55 8
75 57 55 8
76 57 55 8
77 4 143 2
78 4 143 2
79 4 143 2
80 130 143 2
81 130 143 2
82 4 143 2
83 4 143 2
84 4 143 2
85 130 143 8
86 130 143 8
87 130 143 8
88 130 143 8
89 90 99 2
90 90 99 8
91 90 99 8
92 90 99 8
93 11 55 2
94 11 55 2
95 154 55 2
96 154 55 2
97 154 55 8
98 154 55 8
99 11 55 8
100 154 143 4
101 4 143 4
102 4 143 4
103 4 143 4
104 154 143 4
105 154 143 4
106 154 143 4
107 154 143 4
108 154 143 2
109 154 143 2
110 154 143 2
111 154 143 2
112 154 143 2
113 154 143 2
114 154 143 2
115 154 143 2
116 154 143 8
117 154 143 8
118 154 143 8
119 154 143 8
120 154 143 8
121 154 143 8
122 154 143 8
123 74 143 8
124 74 118 8
125 74 118 8
126 74 118 8
127 74 118 8
128 74 97 2
129 154 97 2
130 154 97 2
131 154 97 2
132 74 97 2
133 74 97 4
134 74 97 4
135 74 97 4
136 74 97 4
137 154 97 4
138 154 97 2
139 154 97 2
140 74 97 2
141 74 97 2
142 74 97 2
143 74 97 2
144 74 97 8
145 74 97 8
146 74 97 8
147 74 97 8
148 74 97 8
149 74 97 8
150 154 97 8
151 154 97 8
152 154 97 8
153 74 97 8
154 74 97 8
155 74 97 8
156 74 97 8
157 42 32 2
158 42 32 8
159 42 32 8
160 42 32 8
161 105 107 8
162 74 107 8
163 74 107 8
164 74 107 8
165 74 139 8
166 138 139 8
167 138 139 8
168 138 139 8
169 138 139 8
170 138 139 8
171 138 139 8
172 138 139 8
173 42 143 8
174 42 38 2
175 42 38 2
176 42 38 8
177 105 38 8
178 105 38 8
179 138 63 2
180 53 63 2
181 53 63 2
182 53 63 2
183 53 63 2
184 53 63 2
185 78 63 2
186 78 63 2
187 78 63 2
188 78 63 2
189 53 63 2
190 53 63 2
191 53 63 8
192 53 63 8
193 53 63 8
194 53 63 8
195 53 63 8
196 173 159 8
197 173 159 8
198 53 159 8
199 53 157 2
200 53 157 2
201 162 157 2
202 162 157 2
203 162 157 2
204 162 157 2
205 162 157 2
206 162 157 2
207 162 157 8
208 162 157 8
209 162 157 8
210 10 8 2
211 10 8 2
212 10 8 2
213 10 8 2
214 10 8 2
215 10 8 2
216 10 8 2
217 165 8 2
218 165 8 2
219 165 8 2
220 10 8 2
221 11 8 2
222 11 8 2
223 11 8 2
224 11 8 2
225 11 8 2
226 11 8 2
227 11 8 2
228 11 8 2
229 10 8 2
230 10 8 2
231 10 8 2
232 10 8 2
233 10 8 2
234 165 8 2
235 165 8 2
236 165 8 2
237 165 8 2
238 165 8 2
239 10 8 2
240 16 8 2
241 16 8 2
242 16 8 8
243 16 8 8
244 16 8 8
245 16 8 8
246 16 8 8
247 16 8 8
248 162 173 8
249 162 173 8
250 162 173 8
251 53 78 2
252 53 78 2
253 53 78 2
254 53 78 2
255 10 78 2
256 10 78 2
257 10 78 2
258 10 78 2
259 90 98 2
260 90 98 2
261 90 98 2
262 90 98 2
263 90 98 2
264 90 98 2
265 53 98 2
266 90 98 2
267 90 98 8
268 90 98 8
269 90 98 8
270 101 102 8
271 101 102 8
272 101 102 8
273 101 102 8
274 90 84 2
275 90 84 2
276 90 84 2
277 90 84 8
278 90 84 8
279 90 84 8
280 90 84 8
281 90 84 8
282 90 84 8
283 90 84 8
284 117 74 4
285 117 74 4
286 90 74 2
287 90 74 4
288 90 74 4
289 90 74 4
290 90 74 4
291 117 74 4
292 117 74 85
293 117 74 85
294 117 74 85
295 117 74 85
296 161 152 8
297 161 152 8
298 161 152 8
299 53 54 2
300 53 54 2
301 117 54 2
302 117 54 4
303 53 54 4
304 117 54 2
305 117 54 2
306 117 54 2
307 117 54 2
308 117 54 2
309 117 54 2
310 90 54 2
311 90 54 8
312 90 54 8
313 90 54 8
314 90 54 8
315 90 54 2
316 117 54 2
317 117 54 2
318 117 54 2
319 117 54 4
320 117 54 4
321 53 54 2
322 6 54 2
323 6 54 2
324 6 54 2
325 6 54 2
326 6 54 2
327 8 22 2
328 8 22 2
329 53 22 2
330 53 22 2
331 53 22 8
332 8 22 8
333 8 22 8
334 6 8 2
335 6 8 2
336 6 8 2
337 6 8 2
338 144 8 2
339 144 8 8
340 144 8 8
341 144 8 8
342 6 8 2
343 6 8 2
344 144 8 2
345 144 8 8
346 144 8 8
347 144 8 8
348 6 8 8
349 59 63 8
350 144 63 8
351 144 63 8
352 144 63 2
353 59 63 8
354 59 63 8
355 112 116 8
356 112 116 4
357 112 116 4
358 112 116 8
359 132 143 8
360 132 143 8
361 148 143 8
362 148 143 2
363 144 148 2
364 144 148 8
365 144 148 8
366 144 148 4
367 132 148 4
368 132 148 8
369 132 148 8
370 132 148 8
371 148 143 8
372 165 6 2
373 165 6 2
374 42 69 2
375 42 69 8
376 42 69 8
377 42 69 8
378 148 143 2
379 148 143 2
380 148 143 2
381 148 143 4
382 148 143 4
383 148 143 2
384 148 143 2
385 148 143 2
386 148 143 2
387 124 143 2
388 124 143 2
389 124 143 2
390 124 143 8
391 148 143 8
392 148 143 8
393 148 143 2
394 148 143 8
395 148 143 8
396 124 143 4
397 124 143 4
398 124 143 2
399 124 143 4
400 124 143 4
401 124 143 4
402 124 143 4
403 124 143 2
404 124 143 8
405 124 143 8
406 124 143 8
407 41 97 8
408 84 39 4
409 84 39 4
410 84 39 4
411 84 39 4
412 84 39 2
413 84 39 4
414 40 39 4
415 174 39 8
416 42 168 2
417 42 168 8
418 42 32 8
419 42 32 8
420 84 83 2
421 84 83 2
422 84 83 2
423 84 83 2
424 84 83 2
425 84 83 2
426 84 83 2
427 84 83 2
428 41 96 6
429 41 96 6
430 41 96 6
431 41 96 6
432 90 74 8
433 90 74 4
434 90 74 4
435 90 74 4
436 41 74 4
437 41 74 2
438 41 74 4
439 41 74 4
440 41 74 4
441 41 74 2
442 41 74 2
443 41 74 2
444 143 74 2
445 143 74 2
446 90 74 2
447 90 74 2
448 90 74 2
449 90 74 2
450 90 74 2
451 90 74 2
452 90 74 4
453 90 74 4
454 162 74 2
455 162 74 2
456 162 74 2
457 162 74 2
458 162 74 2
459 90 74 85
460 162 74 8
461 162 74 2
462 162 74 2
463 165 74 2
464 165 74 2
465 165 74 2
466 165 74 2
467 165 74 8
468 165 74 8
469 162 74 2
470 162 74 8
471 162 74 8
472 162 74 85
473 143 74 8
474 143 74 8
475 162 74 8
476 162 74 8
477 162 74 8
478 143 74 8
479 171 151 2
480 171 151 8
481 171 151 8
482 77 63 2
483 77 63 2
484 77 63 2
485 77 63 2
486 77 63 2
487 77 63 2
488 162 63 2
489 162 63 4
490 162 59 4
491 53 59 2
492 53 59 2
493 77 59 2
494 77 59 2
495 77 59 2
496 53 59 2
497 53 59 2
498 53 59 8
499 53 59 8
500 53 59 8
501 53 59 8
502 53 59 8
503 53 59 2
504 53 59 8
505 53 59 8
506 53 59 8
507 53 59 8
508 96 99 6
509 10 2 2
510 10 2 2
511 10 2 2
512 53 2 2
513 53 2 2
514 53 2 2
515 53 2 2
516 18 2 8
517 18 2 2
518 18 2 2
519 18 2 2
520 10 2 2
521 10 2 2
522 10 2 2
523 10 2 2
524 10 2 2
525 10 2 6
526 10 2 6
527 74 119 2
528 74 119 2
529 74 119 2
530 53 119 8
531 53 119 8
532 53 119 8
533 53 65 2
534 74 65 2
535 74 65 2
536 74 65 2
537 74 65 2
538 74 65 2
539 74 65 2
540 74 65 2
541 53 65 4
542 53 65 4
543 74 65 2
544 53 65 2
545 53 65 2
546 53 65 2
547 53 65 2
548 53 65 2
549 53 65 2
550 53 65 2
551 53 65 2
552 53 65 2
553 53 65 2
554 74 65 2
555 74 65 2
556 74 65 4
557 74 65 4
558 74 65 2
559 74 65 2
560 74 65 2
561 74 65 2
562 74 65 2
563 74 65 2
564 74 65 2
565 74 65 6
566 74 65 8
567 74 65 4
568 74 65 4
569 74 65 4
570 74 65 4
571 74 65 4
572 74 65 4
573 74 65 4
574 74 65 4
575 74 65 8
576 74 65 2
577 2 65 8
578 2 65 8
579 4 65 8
580 4 65 8
581 2 65 4
582 2 65 4
583 16 65 2
584 6 65 8
585 6 65 2
586 6 65 2
587 6 65 2
588 6 65 2
589 74 65 2
590 74 65 2
591 74 65 4
592 74 65 4
593 74 65 4
594 74 65 4
595 74 65 2
596 74 65 2
597 74 65 8
598 74 65 8
599 74 65 8
600 74 65 8
601 74 65 8
602 96 97 2
603 96 97 2
604 96 97 2
605 96 97 4
606 16 97 2
607 2 97 2
608 2 97 2
609 2 97 2
610 2 97 2
611 2 97 2
612 2 97 2
613 2 97 2
614 2 97 2
615 2 97 2
616 2 97 2
617 2 97 2
618 2 97 8
619 2 97 6
620 2 97 8
621 96 97 8
622 90 97 8
623 90 97 8
624 90 97 4
625 90 97 4
626 90 97 8
627 4 97 8
628 4 97 8
629 2 97 8
630 2 97 2
631 96 97 2
632 96 97 2
633 96 97 2
634 96 97 2
635 96 97 2
636 96 97 2
637 96 97 8
638 96 97 8
639 96 97 8
640 96 97 8
641 96 97 8
642 75 6 8
643 75 89 2
644 75 89 2
645 75 89 2
646 75 89 2
647 75 89 2
648 75 89 4
649 75 89 4
650 75 89 4
651 75 89 4
652 75 89 4
653 75 89 4
654 75 89 2
655 75 89 2
656 75 89 2
657 75 89 2
658 90 89 2
659 90 89 2
660 90 89 2
661 75 89 2
662 75 89 2
663 75 89 2
664 75 89 2
665 75 89 2
666 75 89 2
667 90 89 4
668 90 89 4
669 90 89 2
670 150 89 4
671 150 89 4
672 150 89 4
673 150 89 4
674 90 89 4
675 90 89 8
676 90 70 8
677 148 70 8
678 148 70 8
679 148 70 8
680 148 70 8
681 90 70 2
682 90 70 8
683 90 89 8
684 90 89 8
685 90 89 8
686 150 148 2
687 150 148 8
688 150 148 8
689 150 148 8
690 150 148 2
691 150 148 8
692 150 148 8
693 150 148 8
694 150 148 2
695 150 148 8
696 41 59 2
697 41 59 2
698 41 59 8
699 41 59 8
700 89 59 8
701 89 59 8
702 89 59 8
703 89 59 2
704 89 59 8
705 41 59 8
706 41 59 8
707 41 59 8
708 41 59 8
709 59 58 6
710 70 69 2
711 70 69 2
712 70 69 2
713 70 69 2
714 70 69 2
715 70 69 2
716 70 69 2
717 70 69 2
718 70 42 2
719 70 42 2
720 70 42 2
721 70 42 2
722 70 42 2
723 70 42 2
724 70 42 4
725 70 42 4
726 70 42 2
727 70 42 2
728 70 42 2
729 70 42 2
730 70 42 2
731 70 42 2
732 70 42 2
733 70 42 2
734 70 42 2
735 70 42 2
736 70 42 2
737 70 42 2
738 70 42 2
739 70 42 2
740 70 42 2
741 70 42 2
742 70 42 2
743 70 42 2
744 70 42 4
745 70 42 4
746 70 42 4
747 70 42 4
748 70 42 2
749 70 42 2
750 41 42 8
751 41 42 8
752 41 42 8
753 41 42 8
754 41 42 8
755 41 42 2
756 41 42 2
757 41 42 2
758 41 42 4
759 41 42 4
760 41 42 2
761 41 42 2
762 41 42 2
763 41 42 2
764 41 42 4
765 41 42 4
766 41 42 2
767 41 42 2
768 41 42 2
769 41 42 2
770 41 42 2
771 41 42 4
772 41 42 4
773 59 42 4
774 59 42 4
775 59 42 4
776 59 42 4
777 59 42 4
778 41 42 4
779 41 42 8
780 41 42 8
781 41 42 8
782 41 42 8
783 41 42 8
784 41 42 8
785 41 42 4
786 41 42 4
787 41 42 4
788 41 42 4
789 41 42 4
790 41 42 8
791 41 42 4
792 41 42 4
793 41 42 85
794 41 42 85
795 41 42 85
796 41 42 85
797 2 17 2
798 2 17 2
799 2 17 2
800 2 17 2
801 2 17 4
802 16 17 4
803 2 17 4
804 2 17 4
805 2 6 4
806 2 6 2
807 2 6 8
808 2 6 8
809 1 6 8
810 90 93 4
811 90 93 4
812 90 93 4
813 90 93 4
814 90 93 4
815 90 93 4
816 90 93 4
817 90 93 4
818 90 93 8
819 90 93 8
820 90 93 8
821 90 93 8
822 130 74 4
823 130 74 4
824 129 74 4
825 129 74 4
826 105 90 4
827 105 90 2
828 105 90 2
829 105 90 2
830 105 90 2
831 105 90 2
832 105 90 2
833 105 90 2
834 105 90 8
835 105 90 8
836 105 90 8
837 159 155 8
838 159 155 6
839 90 140 8
840 90 140 8
841 90 140 8
842 90 140 8
843 90 140 8
844 42 140 8
845 42 140 8
846 42 112 2
847 42 112 2
848 42 112 2
849 42 112 2
850 90 112 2
851 90 112 2
852 90 112 2
853 90 112 2
854 90 112 2
855 90 112 2
856 90 112 2
857 90 112 2
858 90 112 2
859 90 112 4
860 90 112 4
861 90 112 2
862 90 112 2
863 90 112 2
864 90 112 2
865 90 112 2
866 90 112 2
867 90 112 4
868 90 112 4
869 90 112 4
870 90 112 4
871 90 112 4
872 90 112 4
873 90 112 4
874 90 112 4
875 90 112 2
876 90 112 4
877 90 112 4
878 90 112 4
879 90 112 4
880 90 112 4
881 90 112 4
882 20 112 4
883 8 112 4
884 8 112 8
885 20 112 8
886 20 112 8
887 20 112 8
888 90 112 8
889 90 112 4
890 90 112 4
891 90 112 4
892 90 112 4
893 90 112 4
894 90 112 8
895 90 112 8
896 90 112 8
897 90 112 8
898 90 112 8
899 90 112 8
900 90 112 8
901 20 16 2
902 20 16 2
903 20 16 2
904 6 16 2
905 6 16 2
906 6 16 2
907 6 16 2
908 6 16 2
909 20 16 8
910 20 16 8
911 20 16 8
912 20 16 8
913 20 16 8
914 20 16 8
915 20 16 8
916 90 143 6
917 90 143 8
918 90 143 8
919 90 143 4
920 90 143 4
921 90 143 4
922 90 143 4
923 90 143 4
924 90 143 8
925 112 143 8
926 112 143 8
927 112 143 4
928 112 143 4
929 112 143 8
930 112 143 8
931 112 143 85
932 112 143 8
933 112 143 8
934 112 143 8
935 90 143 85
936 90 143 85
937 90 143 85
938 90 143 4
939 90 143 4
940 90 143 4
941 90 143 4
942 90 143 4
943 90 143 85
944 90 143 85
945 90 143 85
946 124 128 2
947 124 128 8
948 124 128 4
949 124 128 4
950 124 128 8
951 124 128 4
952 124 128 4
953 8 23 2
954 8 23 2
955 8 23 2
956 8 23 2
957 8 23 2
958 8 23 8
959 8 23 4
960 8 23 4
961 152 143 8
962 152 143 8
963 152 143 8
964 22 29 2
965 22 29 2
966 22 29 2
967 22 29 2
968 22 29 4
969 22 29 4
970 22 29 2
971 21 29 2
972 21 29 6
973 21 29 8
974 90 83 2
975 90 83 2
976 90 83 8
977 90 83 8
978 90 83 8
979 74 93 4
980 74 93 4
981 74 93 4
982 74 93 4
983 74 93 4
984 74 93 4
985 74 93 4
986 6 93 4
987 6 93 8
988 6 93 8
989 6 93 8
990 74 93 8
991 74 100 4
992 74 100 4
993 74 100 4
994 74 100 8
995 74 100 8
996 74 100 4
997 74 100 4
998 74 100 8
999 74 100 8
1000 74 100 8
1001 57 58 2
1002 57 58 2
1003 57 58 2
1004 57 58 2
1005 57 58 2
1006 57 58 2
1007 57 58 2
1008 57 58 2
1009 57 58 8
1010 5 6 2
1011 5 6 2
1012 143 6 2
1013 143 6 2
1014 143 6 2
1015 57 6 2
1016 129 6 4
1017 129 6 4
1018 5 6 2
1019 5 6 2
1020 5 6 2
1021 5 6 2
1022 24 6 2
1023 24 6 2
1024 24 6 8
1025 130 6 2
1026 130 6 6
1027 130 6 6
1028 5 6 8
1029 5 6 6
1030 143 6 6
1031 143 6 6
1032 143 6 8
1033 143 6 8
1034 143 6 8
1035 130 6 8
1036 57 6 4
1037 57 6 4
1038 143 6 4
1039 5 6 8
1040 5 6 8
1041 5 6 8
1042 24 6 8
1043 24 6 2
1044 57 6 4
1045 57 6 8
1046 57 6 8
1047 24 6 8
1048 5 6 8
1049 5 6 8
1050 5 6 8
1051 143 6 4
1052 143 6 4
1053 143 6 8
1054 57 6 8
1055 57 6 8
1056 57 6 4
1057 5 6 4
1058 5 6 4
1059 5 6 4
1060 5 6 4
1061 5 6 4
1062 5 6 4
1063 57 6 4
1064 57 6 8
1065 57 6 8
1066 5 6 8
1067 5 6 8
1068 5 6 8
1069 5 6 4
1070 24 6 4
1071 24 6 4
1072 24 6 4
1073 143 6 8
1074 143 6 8
1075 143 6 8
1076 5 6 8
1077 5 6 8
1078 5 6 8
1079 5 6 8
1080 5 6 8
1081 57 6 8
1082 57 6 8
1083 57 6 4
1084 5 6 4
1085 5 6 4
1086 5 6 4
1087 5 6 8
1088 5 6 8
1089 5 6 8
1090 5 6 8
1091 5 6 8
1092 11 6 8
1093 11 6 8
1094 11 6 4
1095 11 6 4
1096 5 6 4
1097 24 6 4
1098 24 6 8
1099 24 6 8
1100 5 6 85
1101 5 6 85
1102 5 6 8
1103 5 6 8
1104 5 6 8
1105 5 6 8
1106 5 6 8
1107 5 6 8
1108 89 111 8
1109 43 78 6
1110 43 78 8
1111 43 78 4
1112 43 78 4
1113 43 78 4
1114 43 78 4
1115 43 78 4
1116 43 78 4
1117 43 78 4
1118 43 78 4
1119 43 78 4
1120 43 78 4
1121 43 78 4
1122 43 78 4
1123 43 78 4
1124 43 78 4
1125 43 78 4
1126 43 78 4
1127 43 78 4
1128 43 78 4
1129 43 78 4
1130 43 78 4
1131 43 78 2
1132 43 78 2
1133 43 78 2
1134 43 78 4
1135 43 78 4
1136 43 78 4
1137 43 78 4
1138 43 78 4
1139 43 78 4
1140 43 78 4
1141 43 78 8
1142 43 78 8
1143 43 78 8
1144 43 78 8
1145 20 11 2
1146 20 11 2
1147 43 11 2
1148 8 11 2
1149 8 11 2
1150 6 11 2
1151 6 11 2
1152 6 11 2
1153 20 11 8
1154 20 11 8
1155 16 11 8
1156 16 11 2
1157 16 11 2
1158 16 11 2
1159 16 11 2
1160 8 29 8
1161 2 29 8
1162 2 29 8
1163 96 74 2
1164 96 74 2
1165 96 74 2
1166 96 74 2
1167 96 74 2
1168 96 74 2
1169 96 74 2
1170 96 74 2
1171 96 74 8
1172 96 74 8
1173 96 74 8
1174 96 74 8
1175 96 74 85
1176 96 74 85
1177 96 74 85
1178 74 112 2
1179 74 112 2
1180 74 112 2
1181 74 112 2
1182 74 112 8
1183 74 112 8
1184 74 112 2
1185 74 112 2
1186 96 112 8
1187 96 112 8
1188 96 112 8
1189 74 112 8
1190 74 112 85
1191 74 112 85
1192 74 112 85
1193 74 112 85
1194 74 112 85
1195 6 10 2
1196 6 10 2
1197 6 10 8
1198 6 10 8
1199 6 10 8
1200 11 128 2
1201 11 128 8
1202 170 128 8
1203 170 128 8
1204 11 22 6
1205 11 22 8
1206 11 22 8
1207 11 22 8
1208 11 22 2
1209 8 22 2
1210 8 22 2
1211 96 22 8
1212 96 22 8
1213 96 22 8
1214 8 22 8
1215 8 22 2
1216 8 22 2
1217 8 22 2
1218 11 22 8
1219 11 22 8
1220 11 22 8
1221 11 22 8
1222 70 63 2
1223 70 63 2
1224 96 63 8
1225 96 63 8
1226 96 63 2
1227 70 63 2
1228 70 63 2
1229 70 63 2
1230 70 63 8
1231 70 63 8
1232 111 65 85
1233 111 65 85
1234 111 65 85
1235 111 65 85
1236 89 91 2
1237 89 91 2
1238 89 91 2
1239 89 91 2
1240 11 4 8
1241 11 4 8
1242 11 4 8
1243 165 2 6
1244 16 21 2
1245 16 21 8
1246 16 21 8
1247 16 21 2
1248 16 21 2
1249 16 21 2
1250 16 21 8
1251 16 21 8
1252 16 21 8
1253 16 21 8
1254 16 21 8
1255 16 21 8
1256 126 111 8
1257 126 111 2
1258 126 111 2
1259 132 111 2
1260 132 111 8
1261 132 111 8
1262 132 111 8
1263 132 111 8
1264 132 111 8
1265 132 111 8
1266 94 143 2
1267 94 143 2
1268 94 143 8
1269 94 143 8
1270 94 143 2
1271 94 143 2
1272 94 143 2
1273 94 143 2
1274 161 162 4
1275 74 162 4
1276 74 162 4
1277 74 41 4
1278 74 41 4
1279 161 41 4
1280 161 41 4
1281 161 41 4
1282 161 41 8
1283 161 41 8
1284 161 41 8
1285 9 2 8
1286 9 2 8
1287 9 2 2
1288 9 2 2
1289 9 2 2
1290 9 2 8
1291 9 2 8
1292 9 2 8
1293 9 2 8
1294 9 2 8
1295 9 2 8
1296 9 2 8
1297 9 2 8
1298 157 143 2
1299 157 143 2
1300 157 143 2
1301 157 143 8
1302 157 143 8
1303 157 143 8
1304 157 143 8
1305 157 143 8
1306 157 143 8
1307 42 46 2
1308 42 46 2
1309 42 46 2
1310 42 46 8
1311 42 46 8
1312 42 46 2
1313 42 46 2
1314 42 46 2
1315 42 46 8
1316 42 46 8
1317 42 46 8
1318 42 46 8
1319 42 46 8
1320 42 46 8
1321 42 46 8
1322 42 77 2
1323 42 77 2
1324 42 77 2
1325 42 77 8
1326 42 77 8
1327 42 77 8
1328 74 116 2
1329 74 116 8
1330 74 116 8
1331 74 116 8
1332 74 116 8
1333 74 116 8
1334 74 116 8
1335 74 116 8
1336 74 116 8
1337 74 116 2
1338 74 116 2
1339 74 116 2
1340 20 22 2
1341 8 22 8
1342 8 22 8
1343 8 22 8
1344 8 22 8
1345 8 22 8
1346 20 22 2
1347 20 22 8
1348 20 22 8
1349 20 22 8
1350 20 22 8
1351 20 22 8
1352 164 61 8
1353 74 21 2
1354 74 21 2
1355 74 21 2
1356 74 21 2
1357 20 21 2
1358 20 21 2
1359 20 21 2
1360 20 21 8
1361 20 21 8
1362 74 21 2
1363 74 21 2
1364 74 21 2
1365 74 21 2
1366 74 21 2
1367 74 21 2
1368 74 21 2
1369 74 21 8
1370 20 21 2
1371 20 21 2
1372 20 21 2
1373 137 138 8
1374 137 138 8
1375 137 138 8
1376 137 138 8
1377 111 74 2
1378 111 74 2
1379 111 74 8
1380 111 74 8
1381 111 74 8
1382 41 78 2
1383 41 78 2
1384 41 78 8
1385 41 78 8
1386 41 78 2
1387 41 78 2
1388 41 78 2
1389 41 78 2
1390 41 78 8
1391 41 78 8
1392 41 78 8
1393 42 63 2
1394 42 63 2
1395 42 63 2
1396 42 63 8
1397 42 63 8
1398 42 63 8
1399 42 63 8
1400 42 63 8
1401 42 63 8
1402 42 63 8
1403 42 63 85
1404 143 128 2
1405 143 128 2
1406 143 128 2
1407 143 128 2
1408 143 128 2
1409 143 128 8
1410 143 128 8
1411 143 128 2
1412 143 128 2
1413 135 128 2
1414 135 128 2
1415 135 128 2
1416 135 128 2
1417 135 128 2
1418 135 128 2
1419 135 128 2
1420 135 128 8
1421 143 128 8
1422 143 128 8
1423 143 128 8
1424 143 128 8
1425 143 128 8
1426 143 128 8
1427 143 128 8
1428 143 128 2
1429 143 128 2
1430 143 128 2
1431 143 128 2
1432 143 128 2
1433 143 128 2
1434 143 128 2
1435 143 128 8
1436 143 128 8
1437 143 128 2
1438 143 128 2
1439 143 128 4
1440 143 128 4
1441 143 128 4
1442 143 128 4
1443 143 128 2
1444 143 128 2
1445 143 128 2
1446 143 128 2
1447 143 128 2
1448 143 128 8
1449 143 128 8
1450 143 128 2
1451 143 128 2
1452 143 128 8
1453 143 128 8
1454 143 128 2
1455 143 128 2
1456 143 128 2
1457 143 128 2
1458 143 128 8
1459 143 128 8
1460 143 128 2
1461 143 128 2
1462 143 128 2
1463 143 128 8
1464 143 128 8
1465 143 128 8
1466 97 128 8
1467 97 128 8
1468 97 128 2
1469 97 128 2
1470 97 128 2
1471 97 128 8
1472 97 128 8
1473 97 128 2
1474 97 128 2
1475 97 128 2
1476 97 128 8
1477 97 128 8
1478 97 128 8
1479 97 128 8
1480 97 128 8
1481 97 128 8
1482 97 128 8
1483 97 128 8
1484 97 128 8
1485 97 128 2
1486 97 128 85
1487 97 128 85
1488 97 128 8
1489 97 128 8
1490 97 128 8
1491 143 128 2
1492 143 128 8
1493 143 128 8
1494 143 128 8
1495 41 52 2
1496 41 52 2
1497 41 52 2
1498 41 52 2
1499 41 52 8
1500 41 52 8
1501 41 52 8
1502 32 38 8
1503 32 38 8
1504 32 38 8
1505 32 38 8
1506 42 90 8
1507 42 90 8
1508 42 90 8
1509 42 90 8
1510 41 53 2
1511 41 53 8
1512 41 53 8
1513 41 53 8
1514 16 2 8
1515 16 2 4
1516 16 2 4
1517 16 2 4
1518 63 61 2
1519 63 61 2
1520 41 61 2
1521 41 61 8
1522 41 61 8
1523 41 61 2
1524 52 61 2
1525 61 6 2
1526 75 78 6
1527 165 143 8
1528 165 143 2
1529 165 143 2
1530 165 143 2
1531 135 117 2
1532 135 117 2
1533 135 117 2
1534 135 117 8
1535 135 117 8
1536 135 117 8
1537 135 117 8
1538 141 117 8
1539 8 21 2
1540 52 21 2
1541 52 21 8
1542 52 21 8
1543 52 21 2
1544 11 21 2
1545 11 21 8
1546 11 21 2
1547 8 21 2
1548 8 21 2
1549 6 21 2
1550 6 21 8
1551 57 164 8
1552 8 43 4
1553 8 43 4
1554 8 43 4
1555 21 43 4
1556 21 43 4
1557 8 43 4
1558 8 43 4
1559 8 43 4
1560 8 43 8
1561 8 43 2
1562 8 43 8
1563 8 43 8
1564 8 43 2
1565 8 43 8
1566 8 43 8
1567 8 43 8
1568 42 43 8
1569 42 43 8
1570 42 43 8
1571 6 143 2
1572 157 143 2
1573 157 143 2
1574 157 143 2
1575 6 143 2
1576 6 143 2
1577 6 143 2
1578 6 143 2
1579 6 143 2
1580 6 143 8
1581 6 143 8
1582 6 143 2
1583 157 143 2
1584 157 143 2
1585 157 143 2
1586 157 143 2
1587 157 143 2
1588 157 143 2
1589 157 143 8
1590 157 143 8
1591 157 143 2
1592 129 143 2
1593 129 143 2
1594 129 143 2
1595 129 143 8
1596 129 143 2
1597 129 143 2
1598 129 143 2
1599 129 143 2
1600 157 143 2
1601 157 143 8
1602 157 143 8
1603 157 143 2
1604 157 143 2
1605 157 143 8
1606 157 143 2
1607 157 143 2
1608 157 143 2
1609 157 143 8
1610 157 143 8
1611 157 143 8
1612 129 143 8
1613 129 143 2
1614 129 143 8
1615 129 143 8
1616 129 143 8
1617 129 143 8
1618 41 22 2
1619 41 22 2
1620 41 22 2
1621 41 22 2
1622 41 22 2
1623 11 22 2
1624 11 22 8
1625 11 22 8
1626 41 61 2
1627 41 61 2
1628 41 61 2
1629 41 61 2
1630 41 61 2
1631 41 61 2
1632 41 61 2
1633 41 61 2
1634 41 61 8
1635 41 61 8
1636 22 61 8
1637 22 60 8
1638 22 60 8
1639 22 60 8
1640 22 60 8
1641 41 60 8
1642 41 60 8
1643 89 74 6
1644 89 74 2
1645 89 74 2
1646 89 74 2
1647 89 74 2
1648 89 74 2
1649 89 74 2
1650 89 74 8
1651 89 74 8
1652 89 74 8
1653 89 74 8
1654 89 74 8
1655 89 74 8
1656 89 74 8
1657 156 152 8
1658 156 152 6
1659 83 65 2
1660 83 65 2
1661 83 65 8
1662 83 65 8
1663 83 65 2
1664 83 65 2
1665 83 65 2
1666 83 65 2
1667 83 65 6
1668 83 65 8
1669 41 40 2
1670 83 40 2
1671 83 40 2
1672 83 40 2
1673 83 40 8
1674 83 40 8
1675 83 40 2
1676 83 40 2
1677 83 40 4
1678 83 40 4
1679 83 40 4
1680 83 40 4
1681 83 40 6
1682 41 40 4
1683 41 40 4
1684 41 40 4
1685 41 40 8
1686 41 40 8
1687 41 40 8
1688 129 137 6
1689 129 137 8
1690 41 63 2
1691 41 63 2
1692 41 63 8
1693 41 63 6
1694 41 63 8
1695 41 63 85
1696 42 11 2
1697 42 11 2
1698 42 11 2
1699 42 11 2
1700 42 11 8
1701 42 11 8
1702 42 11 2
1703 42 11 2
1704 42 11 8
1705 42 11 2
1706 42 11 2
1707 42 11 2
1708 42 11 2
1709 42 11 2
1710 42 11 2
1711 42 11 2
1712 42 11 2
1713 42 11 8
1714 42 11 8
1715 42 11 8
1716 42 11 8
1717 42 11 6
1718 42 11 8
1719 42 11 8
1720 42 11 2
1721 42 11 8
1722 42 11 8
1723 42 11 8
1724 42 11 8
1725 42 11 85
1726 16 37 8
1727 16 37 8
1728 16 37 8
1729 130 162 8
1730 130 162 8
1731 130 162 8
1732 130 162 8
1733 130 162 8
1734 6 11 2
1735 6 11 2
1736 6 11 2
1737 6 11 2
1738 5 11 2
1739 5 11 8
1740 5 11 8
1741 5 11 2
1742 5 11 2
1743 5 11 2
1744 5 11 2
1745 5 11 2
1746 5 11 2
1747 5 11 2
1748 5 11 2
1749 5 11 2
1750 143 11 6
1751 143 11 8
1752 143 11 8
1753 143 11 8
1754 143 11 8
1755 143 11 8
1756 5 11 8
1757 5 11 8
1758 2 11 2
1759 2 11 8
1760 2 11 8
1761 2 11 8
1762 6 143 2
1763 6 143 2
1764 6 143 2
1765 6 143 8
1766 6 143 2
1767 6 143 2
1768 6 143 2
1769 6 143 2
1770 6 143 8
1771 6 143 8
1772 6 143 2
1773 6 143 2
1774 6 143 2
1775 143 16 8
1776 143 16 8
1777 143 16 2
1778 143 16 2
1779 6 143 8
1780 6 143 2
1781 6 143 2
1782 6 143 8
1783 6 143 2
1784 6 143 2
1785 6 143 2
1786 6 143 2
1787 6 143 2
1788 6 143 2
1789 6 143 8
1790 5 143 8
1791 6 143 2
1792 5 143 8
1793 5 143 2
1794 5 143 2
1795 5 143 2
1796 5 143 8
1797 5 143 8
1798 5 143 8
1799 5 143 8
1800 5 143 8
1801 5 143 8
1802 5 143 8
1803 5 143 8
1804 5 143 8
1805 5 143 8
1806 5 143 8
1807 5 143 8
1808 5 143 8
1809 5 143 8
1810 5 143 8
1811 5 143 85
1812 5 143 2
1813 5 143 2
1814 5 143 2
1815 5 143 2
1816 6 143 2
1817 6 143 85
1818 6 143 2
1819 6 143 2
1820 6 143 2
1821 6 143 2
1822 6 143 2
1823 6 143 85
1824 6 143 85
1825 103 74 8
1826 103 74 8
1827 103 74 8
1828 103 74 8
1829 77 76 8
1830 77 76 8
1831 77 76 8
1832 77 76 8
1833 77 76 8
1834 77 76 8
1835 164 11 2
1836 164 11 8
1837 164 11 8
1838 164 11 8
1839 164 11 2
1840 77 11 8
1841 77 11 8
1842 77 11 2
1843 164 11 8
1844 164 11 8
1845 164 11 8
1846 164 11 8
1847 164 11 8
1848 164 11 8
1849 77 11 2
1850 77 11 2
1851 77 11 2
1852 164 11 8
1853 164 11 8
1854 164 11 8
1855 164 11 2
1856 164 11 2
1857 164 11 2
1858 164 11 2
1859 164 11 2
1860 164 11 2
1861 164 11 2
1862 165 11 8
1863 77 11 8
1864 77 11 2
1865 77 11 2
1866 165 11 2
1867 165 11 2
1868 165 11 2
1869 165 11 2
1870 165 11 2
1871 165 11 2
1872 165 11 2
1873 165 11 6
1874 165 11 6
1875 165 11 8
1876 165 11 8
1877 165 11 2
1878 165 11 2
1879 84 89 2
1880 84 89 2
1881 84 89 2
1882 84 89 2
1883 84 89 2
1884 84 89 2
1885 84 89 2
1886 77 89 2
1887 77 89 2
1888 77 89 2
1889 84 89 8
1890 84 89 8
1891 84 89 2
1892 84 89 2
1893 84 89 2
1894 84 89 2
1895 84 89 8
1896 84 89 8
1897 84 89 8
1898 84 89 8
1899 84 89 2
1900 84 89 2
1901 84 89 2
1902 96 119 2
1903 96 119 2
1904 96 119 8
1905 96 119 8
1906 96 119 8
1907 96 119 8
1908 96 119 8
1909 96 119 8
1910 96 119 8
1911 96 119 8
1912 90 114 2
1913 90 114 2
1914 90 114 2
1915 90 114 2
1916 90 114 2
1917 90 114 2
1918 90 114 2
1919 90 114 2
1920 41 164 6
1921 41 164 6
1922 41 164 6
1923 41 164 8
1924 42 52 2
1925 42 52 2
1926 42 52 2
1927 42 52 2
1928 42 52 8
1929 42 52 8
1930 42 52 8
1931 130 133 8
1932 130 133 8
1933 131 133 8
1934 42 32 2
1935 42 32 2
1936 42 32 8
1937 42 165 8
1938 42 165 8
1939 155 159 8
1940 155 159 8
1941 155 159 8
1942 41 38 8
1943 41 38 8
1944 42 38 2
1945 42 38 2
1946 41 38 8
1947 41 38 2
1948 41 38 8
1949 148 128 2
1950 148 128 8
1951 148 128 8
1952 148 128 8
1953 20 31 8
1954 20 31 8
1955 20 31 8
1956 20 31 8
1957 77 75 8
1958 160 143 2
1959 160 143 2
1960 160 143 8
1961 42 143 2
1962 42 143 2
1963 160 143 2
1964 160 143 2
1965 160 143 2
1966 160 143 8
1967 160 143 8
1968 160 143 8
1969 160 143 8
1970 160 143 8
1971 160 143 8
1972 160 143 8
1973 160 143 8
1974 42 143 8
1975 42 143 8
1976 160 143 8
1977 160 143 8
1978 160 143 8
1979 160 143 8
1980 160 143 8
1981 160 143 8
1982 160 143 85
1983 160 143 85
1984 160 143 8
1985 160 143 8
1986 160 143 8
1987 7 18 2
1988 7 18 2
1989 9 18 2
1990 9 18 2
1991 9 18 2
1992 9 18 2
1993 9 18 2
1994 9 18 2
1995 9 18 8
1996 9 18 8
1997 9 18 2
1998 9 18 8
1999 9 18 8
2000 9 18 8
2001 7 18 8
2002 7 18 8
2003 7 18 8
2004 7 18 85
2005 7 18 2
2006 7 18 85
2007 7 18 85
2008 7 18 2
2009 7 18 85
2010 7 18 85
2011 7 18 85
2012 7 18 2
2013 10 18 85
2014 117 120 6
2015 42 78 2
2016 42 78 2
2017 42 78 2
2018 42 78 2
2019 42 78 2
2020 42 78 2
2021 42 78 2
2022 42 78 2
2023 42 78 2
2024 42 78 2
2025 42 78 8
2026 42 78 8
2027 42 78 2
2028 11 23 4
2029 11 23 4
2030 11 23 4
2031 11 23 4
2032 11 23 2
2033 11 23 4
2034 11 23 4
2035 11 23 4
2036 11 23 8
2037 11 23 2
2038 11 23 8
2039 11 23 8
2040 11 23 8
2041 11 23 8
2042 11 23 8
2043 151 143 8
2044 151 143 2
2045 151 143 2
2046 151 143 2
2047 151 143 2
2048 151 143 2
2049 151 143 2
2050 151 143 8
2051 151 143 8
2052 151 143 8
2053 154 153 2
2054 154 153 8
2055 154 153 2
2056 154 153 8
2057 154 153 8
2058 154 153 8
2059 154 153 8
2060 154 153 2
2061 154 153 8
2062 154 153 8
2063 154 153 8
2064 154 153 8
2065 154 153 8
2066 9 164 6
2067 9 164 6
2068 7 10 2
2069 7 10 2
2070 7 10 2
2071 7 10 2
2072 7 10 2
2073 7 10 2
2074 7 10 2
2075 7 10 2
2076 90 65 2
2077 90 65 2
2078 90 65 2
2079 90 65 2
2080 90 65 2
2081 90 65 2
2082 90 65 2
2083 90 65 2
2084 90 65 8
2085 90 65 8
2086 90 65 2
2087 42 8 8
2088 77 70 4
2089 77 70 4
2090 77 70 4
2091 77 70 4
2092 77 70 4
2093 77 70 4
2094 77 70 4
2095 77 70 4
2096 111 123 6
2097 75 43 8
2098 75 43 8
2099 75 43 8
2100 75 43 8
2101 75 43 8
2102 126 143 2
2103 126 143 2
2104 126 143 2
2105 75 143 2
2106 75 143 2
2107 75 143 8
2108 75 143 2
2109 75 143 2
2110 126 143 2
2111 126 143 2
2112 132 143 2
2113 6 143 2
2114 6 143 2
2115 6 143 2
2116 6 143 2
2117 75 143 2
2118 75 143 2
2119 75 143 2
2120 6 143 2
2121 6 143 2
2122 132 143 2
2123 132 143 2
2124 132 143 2
2125 132 143 8
2126 132 143 2
2127 75 143 2
2128 75 143 2
2129 75 143 2
2130 132 143 2
2131 132 143 2
2132 132 143 4
2133 132 143 2
2134 132 143 2
2135 132 143 2
2136 132 143 2
2137 132 143 2
2138 132 143 2
2139 132 143 8
2140 132 143 8
2141 132 75 8
2142 132 75 8
2143 132 143 2
2144 132 143 2
2145 132 143 2
2146 132 143 2
2147 132 143 2
2148 132 143 4
2149 132 143 4
2150 132 143 2
2151 132 143 2
2152 132 143 8
2153 132 143 8
2154 75 143 2
2155 75 143 2
2156 75 143 2
2157 75 143 2
2158 132 143 8
2159 132 75 8
2160 126 75 2
2161 126 143 2
2162 126 143 2
2163 126 143 2
2164 126 143 2
2165 159 143 2
2166 159 143 2
2167 159 143 8
2168 74 143 8
2169 74 143 8
2170 90 94 4
2171 75 94 4
2172 75 94 4
2173 75 94 2
2174 75 94 4
2175 90 94 4
2176 90 94 4
2177 90 94 4
2178 90 94 8
2179 90 94 2
2180 90 94 8
2181 90 94 8
2182 157 159 8
2183 157 159 8
2184 157 159 8
2185 11 20 2
2186 11 20 2
2187 41 20 2
2188 41 20 8
2189 41 20 8
2190 41 20 2
2191 41 20 8
2192 41 20 4
2193 98 74 2
2194 98 74 2
2195 98 74 2
2196 98 74 2
2197 98 74 2
2198 98 74 2
2199 98 74 2
2200 98 74 2
2201 75 74 8
2202 75 74 8
2203 75 74 2
2204 75 74 8
2205 75 74 8
2206 98 74 2
2207 98 74 8
2208 98 74 8
2209 98 74 8
2210 98 74 8
2211 98 74 8
2212 98 74 8
2213 98 74 8
2214 111 159 2
2215 111 159 2
2216 165 159 8
2217 162 159 8
2218 75 159 8
2219 75 159 2
2220 75 159 8
2221 162 159 8
2222 162 159 8
2223 162 159 8
2224 162 159 8
2225 42 59 2
2226 42 59 2
2227 42 59 8
2228 42 59 8
2229 42 59 8
2230 74 143 8
2231 172 143 8
2232 172 143 8
2233 16 29 2
2234 16 29 8
2235 16 29 8
2236 16 29 8
2237 32 31 2
2238 32 31 2
2239 32 31 2
2240 32 31 2
2241 75 31 2
2242 75 31 2
2243 75 31 2
2244 75 31 2
2245 75 31 4
2246 32 172 4
2247 174 172 4
2248 174 172 4
2249 143 172 4
2250 143 172 4
2251 32 31 4
2252 32 31 4
2253 130 128 8
2254 130 128 8
2255 130 128 2
2256 130 128 2
2257 130 128 2
2258 130 128 2
2259 22 128 8
2260 22 128 8
2261 22 128 8
2262 130 128 8
2263 130 128 8
2264 130 128 8
2265 130 128 2
2266 130 128 2
2267 130 128 2
2268 22 128 2
2269 22 128 2
2270 22 128 2
2271 130 128 8
2272 130 128 8
2273 101 74 8
2274 101 74 8
2275 101 74 8
2276 101 74 8
2277 101 74 8
2278 101 74 8
2279 101 74 8
2280 101 74 8
2281 101 74 8
2282 101 74 2
2283 101 74 2
2284 101 74 2
2285 162 163 2
2286 162 163 2
2287 162 163 8
2288 162 163 8
2289 162 163 8
2290 165 163 8
2291 165 163 8
2292 17 162 2
2293 17 162 85
2294 17 162 85
2295 133 162 85
2296 133 162 85
2297 133 162 85
2298 101 8 2
2299 101 8 2
2300 101 8 2
2301 101 8 2
2302 101 8 2
2303 101 8 2
2304 11 8 2
2305 11 8 2
2306 11 8 8
2307 11 8 4
2308 11 8 2
2309 11 8 2
2310 11 101 8
2311 11 101 8
2312 11 101 8
2313 11 8 4
2314 23 8 8
2315 23 8 8
2316 23 8 8
2317 23 8 2
2318 11 8 2
2319 11 8 4
2320 11 8 4
2321 11 8 4
2322 11 8 4
2323 11 8 4
2324 101 8 2
2325 101 8 2
2326 101 8 2
2327 11 8 2
2328 11 8 2
2329 11 8 4
2330 11 8 4
2331 11 8 4
2332 11 8 4
2333 11 8 4
2334 11 8 4
2335 11 8 4
2336 11 8 4
2337 11 8 8
2338 11 8 8
2339 11 8 8
2340 11 8 8
2341 11 8 2
2342 11 8 2
2343 11 8 2
2344 11 8 2
2345 11 8 8
2346 11 8 8
2347 11 8 8
2348 11 8 2
2349 11 8 2
2350 11 8 2
2351 11 8 2
2352 16 8 2
2353 16 8 8
2354 16 8 8
2355 16 8 8
2356 11 8 8
2357 11 8 8
2358 11 8 8
2359 11 8 8
2360 159 155 8
2361 162 155 8
2362 162 155 8
2363 90 91 4
2364 90 91 4
2365 90 91 4
2366 90 91 2
2367 90 91 2
2368 90 91 2
2369 90 91 2
2370 90 91 4
2371 90 91 4
2372 90 91 4
2373 90 91 4
2374 90 91 4
2375 90 91 4
2376 90 91 4
2377 90 91 4
2378 90 91 4
2379 90 91 8
2380 90 91 8
2381 90 91 8
2382 6 61 4
2383 6 61 4
2384 90 61 2
2385 90 61 2
2386 90 61 2
2387 90 61 4
2388 6 61 4
2389 143 61 2
2390 41 90 6
2391 41 90 8
2392 41 90 85
2393 41 90 85
2394 41 90 85
2395 41 90 85
2396 41 90 85
2397 74 143 8
2398 74 143 2
2399 74 143 2
2400 74 143 2
2401 74 143 8
2402 74 143 8
2403 74 143 8
2404 74 143 85
2405 74 143 8
2406 90 143 8
2407 90 143 2
2408 90 143 2
2409 90 143 2
2410 74 143 2
2411 74 143 2
2412 74 143 2
2413 74 143 2
2414 74 143 2
2415 74 143 4
2416 74 143 4
2417 74 143 4
2418 74 143 4
2419 140 139 8
2420 140 139 8
2421 140 139 8
2422 140 139 2
2423 140 139 2
2424 140 139 2
2425 135 139 8
2426 135 139 8
2427 42 62 2
2428 42 62 2
2429 42 62 2
2430 42 62 2
2431 90 62 4
2432 90 62 4
2433 90 62 4
2434 90 62 2
2435 42 62 4
2436 42 62 4
2437 42 62 4
2438 42 62 4
2439 42 62 4
2440 42 62 4
2441 42 62 4
2442 42 62 4
2443 42 62 8
2444 42 62 8
2445 42 62 8
2446 42 62 2
2447 42 62 2
2448 42 62 2
2449 42 62 2
2450 42 62 8
2451 42 62 8
2452 42 62 8
2453 42 62 8
2454 135 148 6
2455 137 148 8
2456 143 52 2
2457 143 52 2
2458 143 52 2
2459 143 52 8
2460 6 52 4
2461 90 52 4
2462 90 52 4
2463 90 52 4
2464 90 52 8
2465 6 52 8
2466 6 52 8
2467 8 52 8
2468 7 8 2
2469 10 8 2
2470 10 8 2
2471 90 8 4
2472 90 8 4
2473 90 8 2
2474 90 8 2
2475 10 8 2
2476 10 8 6
2477 10 8 8
2478 10 8 8
2479 10 8 2
2480 10 8 2
2481 10 8 2
2482 10 8 8
2483 11 8 8
2484 11 8 8
2485 18 6 2
2486 18 6 2
2487 18 6 2
2488 18 6 2
2489 18 6 2
2490 18 6 2
2491 18 6 2
2492 90 6 2
2493 90 6 8
2494 90 6 8
2495 90 6 2
2496 18 6 2
2497 18 6 4
2498 18 6 4
2499 18 6 4
2500 18 6 8
2501 18 6 2
2502 18 6 8
2503 18 6 8
2504 18 6 8
2505 18 6 8
2506 90 6 2
2507 90 6 2
2508 90 6 2
2509 90 6 2
2510 18 6 8
2511 18 6 6
2512 18 6 8
2513 18 6 8
2514 18 6 8
2515 18 6 2
2516 18 6 8
2517 18 6 8
2518 18 6 8
2519 18 6 8
2520 94 89 8
2521 94 89 8
2522 94 89 8
2523 94 89 8
2524 94 89 8
2525 6 16 2
2526 6 16 2
2527 6 16 2
2528 6 16 2
2529 90 16 2
2530 90 16 2
2531 90 16 2
2532 90 16 4
2533 6 16 2
2534 6 16 2
2535 6 16 2
2536 6 16 2
2537 6 16 2
2538 6 16 2
2539 6 16 2
2540 6 16 2
2541 6 16 2
2542 6 16 2
2543 6 16 2
2544 6 16 2
2545 6 16 2
2546 6 16 2
2547 8 16 2
2548 8 16 2
2549 8 16 8
2550 8 16 8
2551 8 16 8
2552 8 16 8
2553 8 16 8
2554 55 16 2
2555 55 16 8
2556 94 16 8
2557 94 16 2
2558 94 16 2
2559 94 16 2
2560 94 16 2
2561 94 16 8
2562 55 16 8
2563 55 16 8
2564 55 16 8
2565 55 16 8
2566 55 16 8
2567 8 16 8
2568 8 16 8
2569 8 16 85
2570 8 16 8
2571 6 89 8
2572 41 43 2
2573 41 43 2
2574 41 43 2
2575 94 43 2
2576 94 43 2
2577 94 43 2
2578 41 43 2
2579 41 43 2
2580 41 43 6
2581 41 43 2
2582 41 43 8
2583 41 43 8
2584 156 162 2
2585 159 162 8
2586 159 162 8
2587 159 162 8
2588 42 39 2
2589 42 39 2
2590 42 39 2
2591 42 39 2
2592 42 39 2
2593 42 39 8
2594 42 39 8
2595 42 39 2
2596 6 18 8
2597 6 18 8
2598 6 18 8
2599 6 18 8
2600 55 62 8
2601 55 62 8
2602 55 62 2
2603 55 62 8
2604 55 62 8
2605 55 62 8
2606 55 62 8
2607 55 62 2
2608 75 74 2
2609 75 74 2
2610 75 74 2
2611 55 74 6
2612 55 74 8
2613 55 74 2
2614 75 74 2
2615 75 74 2
2616 75 74 6
2617 75 74 8
2618 75 74 8
2619 75 74 8
2620 75 74 8
2621 75 74 8
2622 75 74 8
2623 55 74 2
2624 55 74 2
2625 55 74 2
2626 75 74 8
2627 75 74 8
2628 75 74 8
2629 75 74 8
2630 75 74 8
2631 75 74 8
2632 75 74 8
2633 165 160 2
2634 165 111 2
2635 165 111 2
2636 165 111 2
2637 165 160 2
2638 165 160 2
2639 165 160 2
2640 165 160 2
2641 165 160 8
2642 165 160 8
2643 165 160 8
2644 111 160 8
2645 111 160 8
2646 111 160 8
2647 111 160 8
2648 55 160 8
2649 75 160 8
2650 75 160 2
2651 162 160 8
2652 162 160 8
2653 162 160 2
2654 162 160 2
2655 162 160 2
2656 162 160 2
2657 162 160 2
2658 162 160 8
2659 162 160 8
2660 162 160 8
2661 55 160 2
2662 75 160 2
2663 75 160 2
2664 162 160 8
2665 165 160 8
2666 165 160 8
2667 165 160 2
2668 165 160 2
2669 165 160 8
2670 111 160 8
2671 111 160 8
2672 111 160 8
2673 165 160 2
2674 111 160 8
2675 111 160 8
2676 11 16 2
2677 11 16 2
2678 11 16 2
2679 165 16 2
2680 165 16 2
2681 165 16 2
2682 11 16 2
2683 11 16 2
2684 11 16 8
2685 11 16 2
2686 11 16 8
2687 11 16 8
2688 11 16 2
2689 11 16 85
2690 11 16 2
2691 11 16 85
2692 6 64 2
2693 6 64 2
2694 2 64 8
2695 2 64 8
2696 11 64 8
2697 6 64 2
2698 6 64 2
2699 6 64 2
2700 42 61 8
2701 42 61 8
2702 42 61 8
2703 42 61 8
2704 42 61 2
2705 42 61 8
2706 42 61 8
2707 41 32 4
2708 41 32 4
2709 41 32 4
2710 42 32 2
2711 42 32 8
2712 42 32 2
2713 41 32 4
2714 41 32 8
2715 70 58 2
2716 70 58 2
2717 70 58 2
2718 70 58 2
2719 70 58 2
2720 70 58 2
2721 70 58 2
2722 70 58 2
2723 70 65 2
2724 70 65 2
2725 84 65 2
2726 84 65 2
2727 84 65 2
2728 84 65 2
2729 84 65 2
2730 84 65 2
2731 84 65 8
2732 84 65 8
2733 84 65 8
2734 84 65 2
2735 84 65 8
2736 84 65 8
2737 84 65 8
2738 10 6 2
2739 10 6 2
2740 10 6 2
2741 10 6 2
2742 10 6 2
2743 70 6 2
2744 70 6 2
2745 10 6 2
2746 10 6 2
2747 10 6 2
2748 84 6 2
2749 84 6 2
2750 84 6 2
2751 84 6 2
2752 10 6 2
2753 10 6 2
2754 11 6 8
2755 10 6 2
2756 7 6 8
2757 7 6 2
2758 7 6 8
2759 7 6 8
2760 7 6 8
2761 84 6 8
2762 84 6 2
2763 84 6 85
2764 84 6 2
2765 7 6 85
2766 7 6 8
2767 7 6 8
2768 7 6 2
2769 7 6 85
2770 7 6 8
2771 7 6 8
2772 7 6 8
2773 11 6 85
2774 11 6 85
2775 11 6 8
2776 7 6 8
2777 7 6 8
2778 143 123 2
2779 143 123 2
2780 143 123 2
2781 143 123 2
2782 143 123 2
2783 143 123 2
2784 143 123 2
2785 143 123 2
2786 9 123 2
2787 9 123 2
2788 9 123 2
2789 9 123 2
2790 7 123 2
2791 7 123 2
2792 7 123 2
2793 7 123 2
2794 143 123 6
2795 143 123 8
2796 143 123 6
2797 143 123 8
2798 143 123 8
2799 143 123 8
2800 143 123 8
2801 143 123 8
2802 143 123 2
2803 143 123 8
2804 143 123 8
2805 143 100 8
2806 143 100 8
2807 143 100 8
2808 143 100 8
2809 143 100 8
2810 143 100 8
2811 143 100 8
2812 143 100 8
2813 143 100 8
2814 7 123 8
2815 7 123 2
2816 7 123 8
2817 7 123 8
2818 7 123 8
2819 7 123 2
2820 143 100 8
2821 143 100 8
2822 143 100 8
2823 143 100 8
2824 143 100 8
2825 143 100 8
2826 143 100 85
2827 143 100 85
2828 143 100 8
2829 143 100 8
2830 143 100 8
2831 41 32 2
2832 41 32 8
2833 41 32 8
2834 41 32 2
2835 61 6 8
2836 62 64 8
2837 61 6 8
2838 61 64 8
2839 62 64 8
2840 124 123 4
2841 124 123 8
2842 124 123 8
2843 154 160 6
2844 154 160 8
2845 154 160 8
2846 41 160 8
2847 41 160 8
2848 41 160 8
2849 41 160 2
2850 154 160 8
2851 154 160 8
2852 154 160 8
2853 154 160 8
2854 154 160 8
2855 154 160 4
2856 154 160 4
2857 154 160 4
2858 154 160 4
2859 154 160 4
2860 154 160 4
2861 154 160 2
2862 154 160 4
2863 42 29 6
2864 8 9 8
2865 8 9 8
2866 8 9 2
2867 112 118 8
2868 112 118 8
2869 112 118 8
2870 112 118 8
2871 112 118 2
2872 112 118 2
2873 112 118 2
2874 112 118 2
2875 107 104 8
2876 107 104 8
2877 41 104 8
2878 41 104 8
2879 41 104 8
2880 107 104 8
2881 107 104 2
2882 107 104 8
2883 107 104 8
2884 107 104 8
2885 107 104 8
2886 74 78 6
2887 132 148 8
2888 132 148 8
2889 132 143 2
2890 41 128 8
2891 41 128 8
2892 41 128 8
2893 144 128 8
2894 144 128 8
2895 144 128 8
2896 144 128 8
2897 42 53 2
2898 42 53 8
2899 42 53 8
2900 42 53 8
2901 90 93 2
2902 90 93 8
2903 90 93 8
2904 90 93 2
2905 90 93 8
2906 90 93 8
2907 90 93 8
2908 111 143 2
2909 111 143 2
2910 111 143 2
2911 111 143 2
2912 111 143 2
2913 111 143 2
2914 111 143 2
2915 111 143 2
2916 111 143 8
2917 111 143 8
2918 111 143 8
2919 111 143 8
2920 111 143 85
2921 90 101 8
2922 90 101 2
2923 90 101 8
2924 90 101 8
2925 148 160 6
2926 100 97 8
2927 100 97 8
2928 100 97 8
2929 100 97 8
2930 154 162 2
2931 154 90 2
2932 154 90 2
2933 154 162 2
2934 154 162 2
2935 90 162 2
2936 90 162 2
2937 90 162 2
2938 90 162 2
2939 154 162 2
2940 154 162 2
2941 154 162 4
2942 154 162 4
2943 154 162 4
2944 154 162 4
2945 154 162 2
2946 154 162 8
2947 154 162 8
2948 154 162 8
2949 154 162 8
2950 150 129 8
2951 150 129 2
2952 150 129 2
2953 150 129 2
2954 90 129 2
2955 90 129 2
2956 90 129 2
2957 90 129 8
2958 150 129 8
2959 150 129 8
2960 150 129 8
2961 150 129 8
2962 150 129 8
2963 174 38 8
2964 143 38 8
2965 143 38 8
2966 143 38 8
2967 40 38 2
2968 40 38 8
2969 40 38 8
2970 29 38 2
2971 162 143 8
2972 162 143 8
2973 162 143 8
2974 162 143 8
2975 29 143 8
2976 29 143 8
2977 29 143 8
2978 162 143 8
2979 162 143 8
2980 162 143 8
2981 162 143 8
2982 162 143 8
2983 162 143 8
2984 162 143 2
2985 29 143 2
2986 40 143 2
2987 40 143 2
2988 40 143 2
2989 40 143 8
2990 40 143 8
2991 40 143 8
2992 162 143 8
2993 162 143 8
2994 162 143 8
2995 162 143 8
2996 162 143 8
2997 162 143 2
2998 40 143 2
2999 40 143 2
3000 40 143 2
3001 162 143 8
3002 162 143 8
3003 162 143 8
3004 162 143 8
3005 162 143 8
3006 162 143 8
3007 162 143 85
3008 40 143 85
3009 40 143 8
3010 40 143 8
3011 162 143 2
3012 162 143 2
3013 162 143 85
3014 162 143 85
3015 162 143 8
3016 162 143 8
3017 162 143 8
3018 162 143 8
3019 40 143 2
3020 140 143 8
3021 140 143 8
3022 40 143 8
3023 40 143 4
3024 40 143 4
3025 40 143 4
3026 162 143 8
3027 162 143 8
3028 162 143 8
3029 162 143 8
3030 162 143 85
3031 162 143 85
3032 7 174 2
3033 7 174 8
3034 7 174 8
3035 7 174 2
3036 123 174 2
3037 123 174 2
3038 123 174 8
3039 7 174 8
3040 9 174 8
3041 9 174 8
3042 40 174 8
3043 40 174 2
3044 40 174 2
3045 40 174 2
3046 40 174 2
3047 40 174 2
3048 40 174 2
3049 9 174 2
3050 9 174 2
3051 9 40 2
3052 9 40 2
3053 9 40 2
3054 9 40 2
3055 9 40 2
3056 9 40 2
3057 9 174 2
3058 9 174 2
3059 7 174 2
3060 7 174 2
3061 7 174 2
3062 7 174 2
3063 7 174 2
3064 7 174 2
3065 7 174 2
3066 7 40 8
3067 9 40 8
3068 9 174 8
3069 9 174 8
3070 9 174 8
3071 9 174 8
3072 9 174 2
3073 9 174 2
3074 7 174 2
3075 7 174 2
3076 7 174 8
3077 7 174 8
3078 7 174 2
3079 7 174 2
3080 7 174 8
3081 7 174 8
3082 7 174 85
3083 7 174 8
3084 9 174 8
3085 9 174 8
3086 161 160 4
3087 161 160 4
3088 9 160 4
3089 9 160 2
3090 9 160 2
3091 161 160 2
3092 161 160 2
3093 161 160 2
3094 89 52 2
3095 89 52 4
3096 89 52 4
3097 89 52 4
3098 89 52 4
3099 89 52 4
3100 89 52 4
3101 89 52 4
3102 143 100 85
3103 143 112 85
3104 143 112 85
3105 143 112 85
3106 6 55 2
3107 6 55 2
3108 6 55 2
3109 6 55 2
3110 6 55 2
3111 6 55 2
3112 89 55 2
3113 89 55 2
3114 6 55 2
3115 6 55 2
3116 6 55 8
3117 6 55 8
3118 6 55 8
3119 6 55 8
3120 6 55 2
3121 6 55 2
3122 6 55 4
3123 6 55 4
3124 4 55 4
3125 4 55 4
3126 4 55 4
3127 4 55 4
3128 6 55 4
3129 6 55 4
3130 6 55 8
3131 6 55 8
3132 6 55 2
3133 6 55 2
3134 6 55 2
3135 6 55 2
3136 6 55 8
3137 6 55 8
3138 6 55 8
3139 6 55 8
3140 6 55 8
3141 6 4 2
3142 6 4 2
3143 6 4 2
3144 6 4 2
3145 89 4 2
3146 89 4 2
3147 6 4 2
3148 6 4 2
3149 6 4 2
3150 6 4 8
3151 6 4 8
3152 6 4 8
3153 42 169 8
3154 42 169 8
3155 74 92 2
3156 74 92 2
3157 74 92 2
3158 89 92 2
3159 89 92 2
3160 74 92 2
3161 74 92 2
3162 74 92 2
3163 74 92 8
3164 74 92 8
3165 74 92 8
3166 57 6 2
3167 57 6 2
3168 57 6 2
3169 57 6 8
3170 132 107 8
3171 132 107 8
3172 132 107 4
3173 132 107 4
3174 99 98 4
3175 89 98 4
3176 89 98 8
3177 31 98 8
3178 31 98 8
3179 31 98 8
3180 31 98 2
3181 99 98 2
3182 99 98 2
3183 99 98 8
3184 31 11 8
3185 32 11 8
3186 29 11 4
3187 29 11 4
3188 29 11 4
3189 29 11 4
3190 32 11 8
3191 32 11 8
3192 140 143 8
3193 140 143 8
3194 140 143 8
3195 11 2 4
3196 11 2 2
3197 11 2 2
3198 11 2 2
3199 8 2 2
3200 8 2 4
3201 8 2 4
3202 8 2 4
3203 8 2 8
3204 11 2 8
3205 11 2 8
3206 11 2 2
3207 112 2 2
3208 112 2 2
3209 112 2 2
3210 112 2 2
3211 112 2 2
3212 11 2 2
3213 11 2 2
3214 11 2 8
3215 11 2 8
3216 11 2 8
3217 11 2 85
3218 119 112 2
3219 119 112 2
3220 11 112 8
3221 11 112 2
3222 11 112 8
3223 119 112 2
3224 119 112 2
3225 119 112 4
3226 119 112 4
3227 119 112 4
3228 119 112 4
3229 119 112 4
3230 119 112 4
3231 119 112 4
3232 119 112 4
3233 119 112 2
3234 119 112 2
3235 119 112 2
3236 119 112 2
3237 119 112 2
3238 119 112 2
3239 119 112 4
3240 119 112 4
3241 119 112 4
3242 119 112 2
3243 119 112 2
3244 119 112 2
3245 119 112 2
3246 119 112 2
3247 119 112 2
3248 119 112 8
3249 119 112 8
3250 119 112 8
3251 119 112 8
3252 10 11 2
3253 10 11 2
3254 119 11 2
3255 119 11 2
3256 119 11 2
3257 119 11 2
3258 10 11 2
3259 10 11 2
3260 10 11 6
3261 10 11 8
3262 10 11 6
3263 10 11 6
3264 10 11 6
3265 10 11 6
3266 10 11 8
3267 174 11 2
3268 174 11 2
3269 174 11 2
3270 174 11 2
3271 10 11 2
3272 10 11 2
3273 10 11 6
3274 10 11 6
3275 10 11 2
3276 133 11 2
3277 133 11 8
3278 133 11 8
3279 129 11 8
3280 129 11 30
3281 10 11 8
3282 10 11 8
3283 10 11 2
3284 10 11 2
3285 10 11 2
3286 10 11 8
3287 7 11 8
3288 7 11 8
3289 7 11 8
3290 129 133 2
3291 129 133 2
3292 129 133 2
3293 130 133 2
3294 22 133 2
3295 22 133 2
3296 7 133 2
3297 7 133 2
3298 7 133 6
3299 7 133 6
3300 7 133 6
3301 7 133 2
3302 9 133 2
3303 9 133 2
3304 22 133 2
3305 130 133 2
3306 130 133 2
3307 130 133 2
3308 130 133 2
3309 130 133 2
3310 130 133 2
3311 130 133 2
3312 130 133 2
3313 22 133 2
3314 22 133 6
3315 22 133 8
3316 57 22 2
3317 57 22 2
3318 57 22 2
3319 57 22 2
3320 129 22 2
3321 133 22 2
3322 133 22 2
3323 133 22 2
3324 57 59 2
3325 57 59 2
3326 57 59 2
3327 57 59 2
3328 57 59 2
3329 57 59 2
3330 57 59 2
3331 57 59 2
3332 57 59 8
3333 57 59 8
3334 57 59 8
3335 57 59 8
3336 57 59 8
3337 57 59 8
3338 156 154 4
3339 156 154 4
3340 156 154 4
3341 156 154 4
3342 156 154 4
3343 156 154 4
3344 156 154 2
3345 156 154 2
3346 57 154 2
3347 57 154 2
3348 57 154 4
3349 156 154 4
3350 156 154 4
3351 156 154 4
3352 156 154 4
3353 156 154 4
3354 156 154 4
3355 156 154 4
3356 156 154 4
3357 156 154 2
3358 156 154 2
3359 156 57 2
3360 156 57 2
3361 156 57 4
3362 156 154 4
3363 153 154 4
3364 153 154 4
3365 153 154 4
3366 156 154 4
3367 156 154 4
3368 107 74 8
3369 107 74 8
3370 107 74 2
3371 107 74 2
3372 107 74 2
3373 107 74 2
3374 107 74 2
3375 107 74 8
3376 126 162 2
3377 126 162 8
3378 126 162 8
3379 126 162 8
3380 90 111 2
3381 90 111 4
3382 90 111 4
3383 90 111 4
3384 90 111 4
3385 90 111 2
3386 90 111 2
3387 90 111 2
3388 90 111 6
3389 90 111 8
3390 90 111 8
3391 90 111 2
3392 90 111 2
3393 90 111 2
3394 90 111 2
3395 90 111 8
3396 41 77 2
3397 41 77 8
3398 41 77 8
3399 41 77 8
3400 96 94 8
3401 157 162 2
3402 157 162 2
3403 90 162 2
3404 90 162 2
3405 90 162 2
3406 90 162 2
3407 157 162 2
3408 157 162 2
3409 157 162 8
3410 157 162 8
3411 157 162 2
3412 6 162 2
3413 75 76 2
3414 75 76 2
3415 75 76 8
3416 75 76 8
3417 75 76 8
3418 75 76 8
3419 11 6 2
3420 11 6 2
3421 11 6 2
3422 75 6 2
3423 75 6 2
3424 75 6 2
3425 75 6 2
3426 75 6 2
3427 75 6 2
3428 75 6 2
3429 75 6 2
3430 11 6 2
3431 11 6 2
3432 11 6 2
3433 11 6 2
3434 11 6 2
3435 11 6 2
3436 11 6 2
3437 11 6 2
3438 11 6 2
3439 11 6 2
3440 11 6 2
3441 11 6 2
3442 11 6 2
3443 11 6 8
3444 11 6 8
3445 11 6 8
3446 11 6 6
3447 11 6 8
3448 11 6 2
3449 11 6 2
3450 11 6 2
3451 11 6 8
3452 11 6 8
3453 11 6 6
3454 11 6 8
3455 11 6 8
3456 11 6 8
3457 11 6 2
3458 11 6 2
3459 11 6 2
3460 11 6 2
3461 11 6 2
3462 11 6 8
3463 11 6 8
3464 11 6 8
3465 11 6 2
3466 11 6 2
3467 11 6 2
3468 11 6 2
3469 11 6 2
3470 11 6 2
3471 11 6 2
3472 11 6 2
3473 11 6 4
3474 11 6 4
3475 11 6 4
3476 11 6 4
3477 11 6 4
3478 11 6 4
3479 11 6 2
3480 11 6 2
3481 11 6 2
3482 11 6 2
3483 11 6 2
3484 11 6 2
3485 135 6 4
3486 135 6 4
3487 135 6 4
3488 135 6 4
3489 135 6 8
3490 135 6 8
3491 11 6 8
3492 11 6 8
3493 11 6 2
3494 11 6 2
3495 11 6 2
3496 11 6 8
3497 11 6 8
3498 11 6 8
3499 11 6 85
3500 11 6 2
3501 11 6 2
3502 11 6 2
3503 11 6 85
3504 11 6 85
3505 133 112 2
3506 133 112 2
3507 6 112 2
3508 6 112 2
3509 6 112 2
3510 6 112 2
3511 6 112 2
3512 133 112 2
3513 133 112 6
3514 133 112 8
3515 133 112 8
3516 133 112 8
3517 133 112 2
3518 133 112 2
3519 133 112 2
3520 133 112 2
3521 133 112 8
3522 133 112 8
3523 133 112 8
3524 133 112 8
3525 99 74 6
3526 99 74 8
3527 99 74 8
3528 99 74 8
3529 99 74 8
3530 99 74 8
3531 99 74 2
3532 99 74 8
3533 99 74 8
3534 99 74 2
3535 99 74 2
3536 99 74 2
3537 99 74 2
3538 99 74 8
3539 99 74 8
3540 41 70 2
3541 41 70 2
3542 41 70 2
3543 41 70 2
3544 41 70 8
3545 41 70 8
3546 41 70 8
3547 96 6 2
3548 165 9 8
3549 165 9 8
3550 165 9 2
3551 165 9 8
3552 56 55 8
3553 119 55 8
3554 119 55 8
3555 119 55 8
3556 84 74 2
3557 99 74 2
3558 99 74 2
3559 99 74 8
3560 99 74 8
3561 99 74 8
3562 84 74 2
3563 84 74 8
3564 84 74 8
3565 84 74 8
3566 135 162 2
3567 135 162 8
3568 135 162 8
3569 135 162 8
3570 63 65 8
3571 137 65 2
3572 137 65 8
3573 137 65 8
3574 137 65 2
3575 137 65 8
3576 137 65 8
3577 63 65 8
3578 63 65 8
3579 63 65 8
3580 63 65 8
3581 41 165 2
3582 41 165 2
3583 41 165 8
3584 41 165 8
3585 41 165 8
3586 90 118 2
3587 90 118 2
3588 90 118 2
3589 90 118 6
3590 90 118 6
3591 90 118 6
3592 90 118 2
3593 90 118 2
3594 90 118 8
3595 90 118 8
3596 90 118 8
3597 90 116 2
3598 90 116 8
3599 90 116 8
3600 90 116 8
3601 90 104 2
3602 90 104 2
3603 90 104 8
3604 90 104 8
3605 90 104 8
3606 6 10 2
3607 6 10 2
3608 6 10 2
3609 6 10 2
3610 90 10 4
3611 90 10 4
3612 90 10 4
3613 90 10 4
3614 6 10 2
3615 11 10 2
3616 11 10 2
3617 11 10 2
3618 11 10 2
3619 11 10 2
3620 11 10 2
3621 11 10 2
3622 11 10 2
3623 11 10 2
3624 11 10 2
3625 11 10 2
3626 11 10 2
3627 11 10 2
3628 11 10 2
3629 11 10 2
3630 11 10 2
3631 11 10 2
3632 11 10 2
3633 11 10 2
3634 11 10 2
3635 11 10 2
3636 11 10 2
3637 11 10 2
3638 57 10 2
3639 57 10 2
3640 57 10 2
3641 57 10 2
3642 57 10 2
3643 57 10 2
3644 11 10 8
3645 57 10 8
3646 22 10 8
3647 22 10 8
3648 22 10 8
3649 11 10 8
3650 59 63 2
3651 59 63 2
3652 11 63 2
3653 11 63 2
3654 11 63 2
3655 11 63 2
3656 59 63 8
3657 57 63 8
3658 57 63 85
3659 71 65 8
3660 71 65 8
3661 71 65 8
3662 71 65 8
3663 117 143 85
3664 117 143 85
3665 117 143 85
3666 117 143 85
3667 42 70 2
3668 71 70 2
3669 71 70 2
3670 71 70 2
3671 71 70 2
3672 71 70 2
3673 42 70 2
3674 42 70 2
3675 42 70 8
3676 42 70 8
3677 42 70 8
3678 42 70 8
3679 42 70 8
3680 42 70 8
3681 42 70 8
3682 75 90 2
3683 75 90 8
3684 75 90 8
3685 75 90 8
3686 98 97 2
3687 98 97 2
3688 98 97 2
3689 71 97 2
3690 71 97 8
3691 71 97 8
3692 71 97 8
3693 98 97 8
3694 98 97 8
3695 98 97 2
3696 98 97 2
3697 98 97 2
3698 98 97 2
3699 98 97 2
3700 98 97 8
3701 71 97 8
3702 71 97 8
3703 71 97 8
3704 98 97 8
3705 98 97 8
3706 98 97 8
3707 118 116 2
3708 118 116 2
3709 118 116 2
3710 71 116 2
3711 71 116 2
3712 71 116 2
3713 118 116 2
3714 118 116 2
3715 118 116 8
3716 118 116 8
3717 118 116 8
3718 118 116 8
3719 90 119 2
3720 90 119 2
3721 90 119 8
3722 90 119 8
3723 90 119 8
3724 153 152 2
3725 153 152 2
3726 153 152 2
3727 153 152 2
3728 118 152 8
3729 118 152 8
3730 118 152 8
3731 118 152 8
3732 153 152 8
3733 153 152 8
3734 8 29 2
3735 8 29 2
3736 8 29 2
3737 112 29 2
3738 112 29 2
3739 112 29 2
3740 112 29 2
3741 112 29 2
3742 112 29 8
3743 8 29 8
3744 8 29 8
3745 96 112 2
3746 96 112 2
3747 96 112 2
3748 6 112 2
3749 6 112 2
3750 6 112 2
3751 6 112 2
3752 6 112 2
3753 96 112 6
3754 96 112 8
3755 96 112 8
3756 96 112 8
3757 96 112 8
3758 77 78 2
3759 96 78 2
3760 96 78 2
3761 96 78 2
3762 96 78 2
3763 96 78 2
3764 96 78 2
3765 96 78 2
3766 96 78 8
3767 96 78 8
3768 17 78 8
3769 17 78 8
3770 17 78 8
3771 132 143 4
3772 132 143 4
3773 132 143 4
3774 132 143 4
3775 132 143 4
3776 17 143 4
3777 17 143 4
3778 17 143 4
3779 116 162 2
3780 116 162 8
3781 116 162 8
3782 116 162 8
3783 116 162 8
3784 116 162 8
3785 116 162 8
3786 150 162 8
3787 172 173 8
3788 172 173 8
3789 172 173 8
3790 16 22 2
3791 150 22 2
3792 150 22 2
3793 150 22 2
3794 150 22 8
3795 16 22 8
3796 16 22 8
3797 6 55 2
3798 6 55 2
3799 16 55 8
3800 16 55 8
3801 16 55 2
3802 152 157 2
3803 152 157 2
3804 159 157 8
3805 42 96 8
3806 21 23 4
3807 152 23 4
3808 154 23 4
3809 154 23 4
3810 154 23 4
3811 154 23 4
3812 154 23 4
3813 21 23 4
3814 21 23 8
3815 12 38 8
3816 12 38 8
3817 12 38 8
3818 12 38 8
3819 12 6 8
3820 12 6 8
3821 131 6 8
3822 131 6 2
3823 78 6 2
3824 78 6 2
3825 78 6 2
3826 131 6 2
3827 131 6 2
3828 42 6 2
3829 42 6 2
3830 42 6 2
3831 42 6 2
3832 61 6 2
3833 61 6 2
3834 131 6 2
3835 131 6 8
3836 17 6 2
3837 17 6 2
3838 17 6 2
3839 17 6 8
3840 17 6 8
3841 61 6 2
3842 61 6 2
3843 61 6 2
3844 61 6 2
3845 42 6 2
3846 78 6 2
3847 78 6 2
3848 78 6 2
3849 17 6 2
3850 17 6 2
3851 17 6 2
3852 42 6 2
3853 42 6 2
3854 42 6 2
3855 42 6 2
3856 42 6 2
3857 42 6 2
3858 42 6 2
3859 42 6 2
3860 42 6 2
3861 17 6 2
3862 17 6 2
3863 17 6 2
3864 17 6 2
3865 17 6 2
3866 42 6 2
3867 42 6 2
3868 42 6 2
3869 42 6 2
3870 42 6 2
3871 17 6 4
3872 17 6 4
3873 17 6 2
3874 17 6 2
3875 17 6 2
3876 17 6 4
3877 42 6 4
3878 42 6 4
3879 42 6 8
3880 42 6 8
3881 17 6 8
3882 17 6 8
3883 131 6 8
3884 131 6 8
3885 131 6 2
3886 131 6 2
3887 42 6 2
3888 42 6 2
3889 42 6 8
3890 78 6 8
3891 78 6 8
3892 78 6 8
3893 42 6 8
3894 42 6 8
3895 42 6 8
3896 42 6 8
3897 42 6 8
3898 42 6 8
3899 42 6 2
3900 42 6 2
3901 42 6 85
3902 42 6 85
3903 42 6 85
3904 42 6 2
3905 42 6 2
3906 42 6 2
3907 78 6 85
3908 78 6 85
3909 78 6 2
3910 42 6 2
3911 42 6 8
3912 42 6 8
3913 42 6 8
3914 42 6 8
3915 42 6 8
3916 42 6 8
3917 42 6 8
3918 42 6 8
3919 42 6 8
3920 42 6 2
3921 42 6 2
3922 42 6 2
3923 42 6 2
3924 42 6 8
3925 42 6 8
3926 42 6 8
3927 42 6 8
3928 42 6 8
3929 11 6 8
3930 11 6 2
3931 11 6 2
3932 11 6 2
3933 11 6 2
3934 11 6 8
3935 7 6 85
3936 10 6 85
3937 57 6 85
3938 57 6 2
3939 57 6 2
3940 57 6 8
3941 42 6 8
3942 42 6 2
3943 90 6 2
3944 90 6 2
3945 90 6 8
3946 90 6 8
3947 42 6 8
3948 42 6 85
3949 42 6 85
3950 7 16 8
3951 7 16 8
3952 7 16 2
3953 7 16 8
3954 7 16 8
3955 7 16 8
3956 7 16 2
3957 16 4 8
3958 16 4 8
3959 16 4 8
3960 4 143 30
3961 4 143 30
3962 90 6 8
3963 90 6 8
3964 90 6 8
3965 90 6 2
3966 90 6 8
3967 90 6 8
3968 90 6 8
3969 90 6 8
3970 90 6 8
3971 90 6 8
3972 90 6 85
3973 90 6 85
3974 6 65 2
3975 6 65 85
3976 6 65 85
3977 6 65 85
3978 41 62 4
3979 41 62 4
3980 41 62 4
3981 41 62 4
3982 41 62 4
3983 6 62 2
3984 6 62 4
3985 6 62 4
3986 6 62 8
3987 6 62 2
3988 6 62 8
3989 6 57 2
3990 42 57 2
3991 42 57 2
3992 42 57 2
3993 42 57 2
3994 42 57 2
3995 42 57 2
3996 42 57 2
3997 42 57 4
3998 42 57 4
3999 42 57 4
4000 42 57 4
4001 6 57 2
4002 6 57 4
4003 6 57 4
4004 6 57 4
4005 6 57 2
4006 6 57 2
4007 6 57 2
4008 6 57 2
4009 6 57 2
4010 6 57 2
4011 6 57 8
4012 6 57 2
4013 6 57 2
4014 6 57 2
4015 6 57 2
4016 6 57 2
4017 42 57 4
4018 42 57 4
4019 42 57 2
4020 42 57 4
4021 42 57 8
4022 42 57 8
4023 42 57 8
4024 42 57 85
4025 41 31 8
4026 41 31 8
4027 41 31 8
4028 41 31 8
4029 42 31 4
4030 42 31 4
4031 42 31 4
4032 41 31 2
4033 41 31 8
4034 41 31 8
4035 41 31 8
4036 151 152 8
4037 151 152 8
4038 151 152 8
4039 42 152 2
4040 42 152 8
4041 42 152 2
4042 151 152 8
4043 42 152 8
4044 42 152 8
4045 42 152 8
4046 2 16 2
4047 2 16 8
4048 2 16 2
4049 2 16 2
4050 96 116 4
4051 96 116 2
4052 96 116 4
4053 151 116 4
4054 151 116 4
4055 151 116 4
4056 151 116 4
4057 96 116 4
4058 96 116 8
4059 96 116 8
4060 96 116 2
4061 96 116 8
4062 151 116 8
4063 151 116 8
4064 151 116 8
4065 151 116 8
4066 96 116 8
4067 96 116 8
4068 96 116 8
4069 90 96 2
4070 90 96 2
4071 90 96 4
4072 90 96 4
4073 151 96 2
4074 151 96 2
4075 151 96 2
4076 151 96 2
4077 90 96 2
4078 90 96 2
4079 90 96 4
4080 90 96 4
4081 90 96 2
4082 90 96 2
4083 151 96 2
4084 151 96 2
4085 151 96 2
4086 151 96 2
4087 90 96 2
4088 6 96 2
4089 6 96 2
4090 6 96 2
4091 6 96 2
4092 90 96 2
4093 90 96 8
4094 90 96 8
4095 90 96 8
4096 90 96 8
4097 90 96 8
4098 90 96 2
4099 90 96 8
4100 90 96 8
4101 74 96 8
4102 74 96 8
4103 74 96 8
4104 74 96 8
4105 74 96 8
4106 74 96 8
4107 90 96 2
4108 90 96 8
4109 90 96 8
4110 90 96 8
4111 90 96 85
4112 90 96 85
4113 90 96 85
4114 74 118 2
4115 74 118 2
4116 74 118 2
4117 74 118 2
4118 74 118 2
4119 74 118 2
4120 74 118 2
4121 74 118 2
4122 74 118 8
4123 74 118 2
4124 74 118 8
4125 103 102 8
4126 103 102 8
4127 103 102 8
4128 103 102 8
4129 42 71 8
4130 42 71 8
4131 42 71 2
4132 42 71 8
4133 20 6 2
4134 96 6 2
4135 96 6 8
4136 96 6 8
4137 96 6 8
4138 74 6 2
4139 20 6 8
4140 20 6 8
4141 22 31 4
4142 22 31 4
4143 22 31 4
4144 10 31 2
4145 10 31 2
4146 10 31 2
4147 8 31 4
4148 8 31 4
4149 165 11 8
4150 165 11 8
4151 74 11 2
4152 74 11 8
4153 74 128 2
4154 74 128 2
4155 74 128 2
4156 165 128 2
4157 165 128 2
4158 165 128 2
4159 162 128 2
4160 162 128 2
4161 162 128 2
4162 74 128 2
4163 74 128 8
4164 74 128 2
4165 162 128 8
4166 162 128 85
4167 162 128 85
4168 162 128 85
4169 162 128 85
4170 162 128 85
4171 143 39 4
4172 32 39 4
4173 32 39 4
4174 32 39 2
4175 32 39 4
4176 32 39 4
4177 32 39 4
4178 32 39 4
4179 165 143 2
4180 170 143 8
4181 11 143 2
4182 11 143 8
4183 154 159 2
4184 154 159 2
4185 154 159 2
4186 154 159 2
4187 74 159 2
4188 74 159 2
4189 74 159 2
4190 74 159 2
4191 74 159 2
4192 74 159 2
4193 154 159 2
4194 154 159 2
4195 154 159 2
4196 154 159 2
4197 154 159 2
4198 154 159 2
4199 154 159 4
4200 154 159 4
4201 154 159 4
4202 154 159 4
4203 6 159 2
4204 6 159 2
4205 6 159 2
4206 154 159 2
4207 154 159 2
4208 154 159 2
4209 154 159 2
4210 154 159 2
4211 154 159 2
4212 154 159 2
4213 154 159 4
4214 154 159 4
4215 154 159 4
4216 154 159 4
4217 154 159 2
4218 154 159 2
4219 154 159 2
4220 154 159 2
4221 8 24 2
4222 57 24 2
4223 57 24 2
4224 57 24 2
4225 57 24 2
4226 57 24 2
4227 57 24 2
4228 8 24 2
4229 8 24 8
4230 8 24 2
4231 8 24 8
4232 41 46 2
4233 41 46 2
4234 41 46 2
4235 41 46 2
4236 6 46 2
4237 8 46 2
4238 8 46 2
4239 8 46 2
4240 8 46 8
4241 8 46 8
4242 8 46 8
4243 41 46 8
4244 41 46 2
4245 70 46 8
4246 70 46 8
4247 70 46 8
4248 70 46 8
4249 8 46 8
4250 8 46 8
4251 6 74 2
4252 6 74 2
4253 6 74 2
4254 6 74 8
4255 94 74 2
4256 94 74 8
4257 94 74 8
4258 94 74 2
4259 94 74 2
4260 94 74 2
4261 94 74 8
4262 94 74 8
4263 94 74 8
4264 94 74 2
4265 94 74 8
4266 94 74 8
4267 46 17 2
4268 46 17 2
4269 46 17 2
4270 46 17 2
4271 6 17 2
4272 6 17 2
4273 6 17 2
4274 6 17 2
4275 6 17 8
4276 135 162 8
4277 135 162 8
4278 135 162 2
4279 55 65 8
4280 55 65 8
4281 55 65 8
4282 42 65 8
4283 117 118 4
4284 117 118 2
4285 117 118 4
4286 117 118 4
4287 117 118 4
4288 94 118 4
4289 117 118 4
4290 117 118 4
4291 20 29 8
4292 8 29 8
4293 20 29 2
4294 20 29 8
4295 20 29 8
4296 20 29 8
4297 94 29 8
4298 20 29 8
4299 42 164 2
4300 42 164 2
4301 42 164 2
4302 42 164 6
4303 42 164 2
4304 42 164 6
4305 42 164 6
4306 42 164 2
4307 6 148 2
4308 6 148 2
4309 6 148 2
4310 42 148 2
4311 42 148 2
4312 6 148 2
4313 6 148 2
4314 6 148 2
4315 10 9 8
4316 10 9 2
4317 10 9 8
4318 10 9 8
4319 10 9 6
4320 11 9 6
4321 11 9 8
4322 11 9 8
4323 11 9 8
4324 11 9 8
4325 61 6 4
4326 61 6 2
4327 61 6 4
4328 11 62 2
4329 11 62 8
4330 11 62 2
4331 11 62 4
4332 11 62 4
4333 91 65 4
4334 91 65 4
4335 91 65 2
4336 91 65 6
4337 91 65 6
4338 91 65 6
4339 91 65 6
4340 156 65 4
4341 156 65 4
4342 156 65 4
4343 156 65 2
4344 91 65 4
4345 91 65 4
4346 91 65 4
4347 91 65 4
4348 91 65 4
4349 156 143 2
4350 156 143 8
4351 156 143 8
4352 156 143 8
4353 156 143 2
4354 156 143 8
4355 156 143 8
4356 162 112 85
4357 42 55 2
4358 42 55 2
4359 42 55 2
4360 42 55 2
4361 42 55 6
4362 42 55 6
4363 42 55 2
4364 42 55 6
4365 57 61 6
4366 57 61 2
4367 42 61 2
4368 42 61 2
4369 42 61 2
4370 42 61 2
4371 57 61 2
4372 57 61 2
4373 57 61 8
4374 57 61 8
4375 57 61 2
4376 57 61 8
4377 57 61 8
4378 41 69 2
4379 41 69 8
4380 41 69 8
4381 41 69 8
4382 133 132 4
4383 133 132 2
4384 133 132 4
4385 41 132 4
4386 41 132 4
4387 41 132 4
4388 41 132 2
4389 6 132 4
4390 6 132 6
4391 6 132 6
4392 6 132 2
4393 6 132 6
4394 41 132 6
4395 41 132 6
4396 41 132 6
4397 41 132 6
4398 41 132 6
4399 41 132 6
4400 6 132 6
4401 6 132 2
4402 41 132 4
4403 41 132 4
4404 41 132 4
4405 6 132 4
4406 6 132 4
4407 41 132 4
4408 41 132 4
4409 41 132 4
4410 41 132 4
4411 6 132 2
4412 148 163 4
4413 132 163 4
4414 157 163 4
4415 157 163 4
4416 41 163 4
4417 41 163 4
4418 41 163 4
4419 41 163 4
4420 157 163 2
4421 157 164 2
4422 157 164 2
4423 148 164 2
4424 148 163 8
4425 148 163 2
4426 148 163 8
4427 148 163 8
4428 89 65 2
4429 89 65 2
4430 89 65 2
4431 41 65 6
4432 41 65 6
4433 41 65 6
4434 41 65 2
4435 89 65 2
4436 89 65 8
4437 89 65 8
4438 89 65 8
4439 89 65 8
4440 11 29 2
4441 89 29 2
4442 89 29 2
4443 89 29 2
4444 89 29 2
4445 89 29 2
4446 89 29 2
4447 89 29 2
4448 89 29 2
4449 89 29 2
4450 89 29 2
4451 11 29 8
4452 11 29 8
4453 11 29 8
4454 11 29 8
4455 11 29 8
4456 11 29 8
4457 11 29 2
4458 11 29 8
4459 11 29 8
4460 11 29 8
4461 90 97 8
4462 90 97 2
4463 11 97 8
4464 11 97 6
4465 11 97 8
4466 11 97 8
4467 90 97 2
4468 90 97 2
4469 90 97 2
4470 90 97 8
4471 90 97 8
4472 2 97 8
4473 2 97 2
4474 2 97 8
4475 2 97 8
4476 90 97 8
4477 90 97 8
4478 133 132 8
4479 90 132 8
4480 90 132 6
4481 90 132 6
4482 90 132 6
4483 90 132 6
4484 90 132 2
4485 90 132 6
4486 133 132 6
4487 133 132 8
4488 96 89 8
4489 101 117 8
4490 101 117 6
4491 101 117 6
4492 101 117 6
4493 96 113 6
4494 96 113 8
4495 96 113 8
4496 96 113 2
4497 111 112 8
4498 111 112 8
4499 111 112 8
4500 111 112 8
4501 148 162 2
4502 148 162 2
4503 148 162 2
4504 111 162 2
4505 111 162 2
4506 111 162 2
4507 111 162 2
4508 111 162 2
4509 111 162 2
4510 148 162 2
4511 111 162 2
4512 111 162 2
4513 111 162 2
4514 111 162 2
4515 111 162 2
4516 111 162 2
4517 111 162 8
4518 148 162 8
4519 148 162 6
4520 148 162 6
4521 111 162 2
4522 111 162 6
4523 111 162 6
4524 111 162 6
4525 111 162 8
4526 111 162 8
4527 111 162 8
4528 148 162 8
4529 148 162 8
4530 164 90 8
4531 164 90 2
4532 53 61 6
4533 53 61 8
4534 42 40 2
4535 42 40 2
4536 42 40 8
4537 42 40 8
4538 42 40 8
4539 41 57 2
4540 41 57 2
4541 41 57 2
4542 41 57 8
4543 41 57 6
4544 165 57 6
4545 165 57 8
4546 163 57 8
4547 163 57 8
4548 41 57 8
4549 41 57 85
4550 83 74 2
4551 83 74 2
4552 41 74 8
4553 41 74 6
4554 41 74 6
4555 41 57 2
4556 56 57 6
4557 56 57 6
4558 56 57 8
4559 159 155 8
4560 159 155 6
4561 6 129 2
4562 6 129 4
4563 56 129 6
4564 56 129 2
4565 17 129 2
4566 17 129 2
4567 56 129 2
4568 56 129 2
4569 56 129 2
4570 56 129 2
4571 56 129 2
4572 56 129 2
4573 131 129 8
4574 131 129 8
4575 131 129 8
4576 131 129 4
4577 12 129 8
4578 12 129 2
4579 12 129 8
4580 12 129 8
4581 12 129 8
4582 12 129 8
4583 12 129 4
4584 12 129 4
4585 12 129 2
4586 12 129 4
4587 12 129 4
4588 12 129 4
4589 12 129 4
4590 12 129 4
4591 57 62 8
4592 57 62 8
4593 57 62 2
4594 57 62 8
4595 41 29 8
4596 12 29 2
4597 12 29 2
4598 12 29 2
4599 12 29 2
4600 12 29 8
4601 12 29 8
4602 41 29 2
4603 41 29 8
4604 41 29 2
4605 41 29 8
4606 41 29 8
4607 91 92 2
4608 91 92 2
4609 91 92 2
4610 91 92 2
4611 122 123 8
4612 122 123 2
4613 122 123 8
4614 122 123 8
4615 117 116 6
4616 115 116 8
4617 115 116 8
4618 115 116 8
4619 74 104 2
4620 41 104 2
4621 41 104 2
4622 41 104 2
4623 41 104 8
4624 74 104 2
4625 74 104 8
4626 74 104 8
4627 74 104 8
4628 74 104 8
4629 150 143 2
4630 150 143 8
4631 150 143 8
4632 150 143 8
4633 41 11 4
4634 41 11 4
4635 41 11 4
4636 41 11 8
4637 41 11 8
4638 41 11 8
4639 29 11 4
4640 29 11 4
4641 29 11 85
4642 42 60 2
4643 42 60 2
4644 42 60 2
4645 42 60 8
4646 42 60 8
4647 42 60 8
4648 133 143 2
4649 133 143 2
4650 133 143 85
4651 133 143 85
4652 138 143 85
4653 138 143 85
4654 138 143 85
4655 133 97 8
4656 119 116 8
4657 119 116 8
4658 119 116 2
4659 119 116 8
4660 6 16 8
4661 133 16 2
4662 135 16 8
4663 135 16 8
4664 135 16 8
4665 135 16 8
4666 135 16 6
4667 135 16 6
4668 135 16 6
4669 135 16 6
4670 135 16 6
4671 135 16 6
4672 135 16 6
4673 135 16 6
4674 135 16 8
4675 135 16 8
4676 6 16 8
4677 6 16 8
4678 6 16 8
4679 6 16 8
4680 6 16 4
4681 143 16 4
4682 143 16 2
4683 143 16 2
4684 143 16 2
4685 143 16 4
4686 143 16 2
4687 143 16 2
4688 143 16 2
4689 143 16 2
4690 143 16 8
4691 6 16 8
4692 6 16 8
4693 6 16 8
4694 6 16 8
4695 9 2 2
4696 9 2 2
4697 9 2 2
4698 9 2 2
4699 9 2 4
4700 9 2 4
4701 6 2 4
4702 6 2 6
4703 6 2 6
4704 6 2 6
4705 6 2 2
4706 6 2 2
4707 6 2 2
4708 9 2 6
4709 6 2 4
4710 6 2 4
4711 6 2 4
4712 6 2 4
4713 6 2 4
4714 6 2 4
4715 6 2 2
4716 6 2 2
4717 6 2 2
4718 6 2 2
4719 6 2 8
4720 6 2 8
4721 6 2 8
4722 6 2 85
4723 101 116 6
4724 162 132 4
4725 162 132 4
4726 162 132 2
4727 162 132 2
4728 165 132 2
4729 165 132 4
4730 165 132 4
4731 165 132 4
4732 32 29 8
4733 32 29 8
4734 32 29 8
4735 32 29 8
4736 133 29 8
4737 133 29 8
4738 32 29 8
4739 32 29 8
4740 32 29 2
4741 53 6 8
4742 53 6 8
4743 53 6 8
4744 53 6 8
4745 74 91 2
4746 74 91 2
4747 74 91 2
4748 74 91 2
4749 74 91 8
4750 74 91 8
4751 74 91 8
4752 138 143 2
4753 137 143 2
4754 137 143 8
4755 137 143 8
4756 137 143 8
4757 29 6 8
4758 41 6 8
4759 41 6 8
4760 41 6 2
4761 41 6 8
4762 41 6 8
4763 41 6 8
4764 74 6 85
4765 74 6 85
4766 74 6 85
4767 74 6 85
4768 74 39 2
4769 74 39 2
4770 74 43 6
4771 64 53 6
4772 64 65 6
4773 74 65 2
4774 74 65 2
4775 74 65 2
4776 74 65 2
4777 74 65 2
4778 74 65 2
4779 74 65 2
4780 74 65 2
4781 74 65 4
4782 74 65 4
4783 74 65 4
4784 74 65 4
4785 74 65 4
4786 74 65 4
4787 74 65 4
4788 64 65 4
4789 64 65 8
4790 64 65 8
4791 64 65 8
4792 64 65 8
4793 64 65 8
4794 90 64 4
4795 90 64 2
4796 90 64 2
4797 90 64 2
4798 90 64 2
4799 90 64 4
4800 90 64 4
4801 90 64 4
4802 74 64 2
4803 74 64 2
4804 74 64 2
4805 74 64 2
4806 74 64 2
4807 74 64 2
4808 74 64 6
4809 11 17 8
4810 151 162 8
4811 151 162 8
4812 151 162 8
